update,bacteria_pop,phage_pop,lysogen_pop,arbitrium,mean_lysogeny_rate,Hist_0.0,Hist_0.1,Hist_0.2,Hist_0.3,Hist_0.4,Hist_0.5,Hist_0.6,Hist_0.7,Hist_0.8,Hist_0.9
0,1000,100,0,2,0.486226,5,4,12,16,24,22,10,5,1,1
1,988,102,8,14,0.478579,7,4,12,18,27,25,10,5,1,1
2,980,103,13,22,0.474158,7,4,15,17,30,27,10,5,0,1
3,974,114,14,28,0.483592,5,4,15,20,35,33,10,5,0,1
4,965,134,16,38,0.464191,5,10,18,25,38,38,10,5,0,1
5,961,137,18,43,0.462564,5,10,17,27,43,37,10,5,0,1
6,957,145,20,49,0.452151,8,10,19,30,46,36,10,5,0,1
7,947,168,23,61,0.465077,8,10,22,33,51,45,13,8,0,1
8,939,169,28,71,0.470066,8,9,20,37,52,47,13,11,0,0
9,934,170,33,79,0.459648,11,9,23,39,51,46,13,11,0,0
10,926,175,39,90,0.443113,19,9,26,38,50,48,13,11,0,0
11,918,188,43,101,0.449443,17,9,26,44,53,59,13,10,0,0
12,905,204,50,117,0.428976,23,15,26,51,59,57,13,10,0,0
13,897,217,54,129,0.423707,26,15,32,56,57,60,15,10,0,0
14,889,224,60,141,0.417875,29,15,34,62,58,61,15,10,0,0
15,884,227,65,150,0.414782,31,18,32,64,61,61,15,10,0,0
16,872,260,67,166,0.399639,45,18,40,72,61,63,15,13,0,0
17,860,287,70,183,0.394007,53,18,48,80,60,68,14,16,0,0
18,838,307,83,211,0.387833,61,22,52,85,67,72,15,16,0,0
19,825,332,89,230,0.387699,69,22,52,94,71,80,14,19,0,0
20,809,386,91,253,0.381355,84,32,52,101,78,93,18,19,0,0
21,791,426,98,279,0.371095,101,38,57,106,85,99,19,19,0,0
22,773,445,110,305,0.366279,107,44,59,117,89,102,19,18,0,0
23,753,484,119,334,0.357519,126,44,61,135,96,105,18,18,0,0
24,731,516,131,365,0.352648,138,47,63,156,96,111,18,18,0,0
25,715,551,138,391,0.342852,154,53,78,162,94,112,18,18,0,0
26,701,569,148,415,0.337544,166,59,79,168,95,113,18,19,0,0
27,684,593,157,442,0.339107,171,63,84,173,98,117,25,19,0,0
28,664,635,167,472,0.331276,187,80,92,181,95,121,25,21,0,0
29,631,696,182,516,0.32511,214,86,97,204,103,125,28,21,0,0
30,597,746,199,561,0.318219,237,96,107,218,110,130,27,20,0,0
31,573,785,213,597,0.314141,257,104,108,236,107,140,26,20,0,0
32,543,853,226,639,0.3082,295,110,117,246,116,146,29,20,0,0
33,529,886,235,665,0.308079,312,112,122,252,120,146,34,23,0,0
34,496,943,253,710,0.302624,342,128,129,258,130,149,37,23,0,0
35,485,974,261,733,0.305129,347,128,133,275,137,151,40,24,0,0
36,472,989,270,758,0.301417,360,138,131,274,141,151,41,23,0,0
37,454,1013,282,788,0.298733,378,143,136,271,146,153,46,22,0,0
38,416,1090,298,837,0.296351,418,143,149,282,160,169,46,21,0,0
39,397,1106,314,867,0.293737,438,146,149,288,159,171,47,22,0,0
40,370,1137,332,905,0.291649,464,143,147,303,172,171,48,21,0,0
41,350,1175,339,936,0.295557,468,143,144,324,184,182,48,21,0,0
42,332,1182,355,964,0.29231,492,146,142,320,181,184,48,24,0,0
43,316,1192,367,990,0.291017,499,150,143,327,190,182,44,24,0,0
44,292,1209,384,1024,0.291233,506,149,156,339,188,187,44,24,0,0
45,278,1219,397,1047,0.290901,508,154,166,346,186,187,44,25,0,0
46,258,1229,412,1076,0.290322,524,149,171,343,195,190,45,24,0,0
47,236,1259,430,1106,0.29005,541,148,182,356,200,193,45,24,0,0
48,222,1225,449,1127,0.295599,520,141,186,360,198,197,48,24,0,0
49,207,1226,462,1149,0.29465,530,144,184,358,196,206,44,26,0,0
50,194,1215,478,1168,0.296851,526,145,182,356,201,214,43,26,0,0
51,182,1217,489,1186,0.301755,507,148,183,370,207,223,43,25,0,0
52,170,1209,502,1203,0.30544,503,145,187,360,211,229,48,28,0,0
53,162,1175,519,1216,0.310637,478,142,190,366,209,232,49,28,0,0
54,153,1137,538,1230,0.312935,466,142,185,361,210,236,47,28,0,0
55,140,1149,548,1247,0.316401,461,141,194,363,212,245,51,30,0,0
56,132,1126,562,1259,0.318515,451,142,188,359,223,245,50,30,0,0
57,127,1064,582,1268,0.321387,432,139,178,354,220,244,50,29,0,0
58,119,1062,590,1279,0.325905,420,136,180,362,217,258,50,29,0,0
59,116,1036,601,1285,0.329134,401,136,172,375,220,256,48,29,0,0
60,109,1024,612,1295,0.332062,396,131,165,376,237,253,50,28,0,0
61,105,993,626,1302,0.334217,384,132,162,372,237,251,52,29,0,0
62,94,962,640,1315,0.336071,376,125,166,366,234,254,53,28,0,0
63,89,931,653,1322,0.340892,362,121,165,361,233,254,57,31,0,0
64,81,914,664,1332,0.344704,347,121,160,365,234,263,55,33,0,0
65,78,891,673,1337,0.348005,333,120,164,358,235,266,55,33,0,0
66,74,863,685,1342,0.350854,324,120,156,352,237,270,58,31,0,0
67,71,815,698,1346,0.353183,313,115,148,348,232,270,57,30,0,0
68,67,782,710,1351,0.356676,299,114,143,346,228,275,57,30,0,0
69,65,767,716,1354,0.365193,274,115,138,344,234,292,56,30,0,0
70,64,728,729,1356,0.369858,260,114,133,339,230,289,59,33,0,0
71,62,712,736,1359,0.374663,242,114,130,346,236,288,59,33,0,0
72,58,695,745,1364,0.377695,226,118,127,356,235,287,60,31,0,0
73,58,667,753,1365,0.380701,212,117,125,355,239,282,60,30,0,0
74,53,677,760,1371,0.38371,207,114,127,358,260,283,59,29,0,0
75,50,624,774,1374,0.387503,193,108,124,352,256,278,59,28,0,0
76,47,601,780,1377,0.392906,180,100,123,349,257,285,63,24,0,0
77,44,608,783,1380,0.395637,173,96,126,359,260,291,63,23,0,0
78,43,595,787,1381,0.398812,163,93,121,374,251,295,62,23,0,0
79,39,592,792,1385,0.398164,164,97,118,366,260,296,62,21,0,0
80,36,580,799,1388,0.402125,151,97,119,367,263,298,64,20,0,0
81,36,569,804,1388,0.404991,138,97,122,374,264,295,63,20,0,0
82,33,565,804,1391,0.410071,125,95,123,371,278,295,62,20,0,0
83,30,554,812,1394,0.409819,124,92,123,377,279,291,60,20,0,0
84,29,547,814,1395,0.411922,112,96,127,374,279,296,59,18,0,0
85,29,525,820,1395,0.41368,106,99,122,367,277,296,59,19,0,0
86,28,537,820,1396,0.417376,100,103,123,365,269,314,64,19,0,0
87,27,507,828,1397,0.417881,97,101,120,361,263,311,63,19,0,0
88,27,524,827,1397,0.419445,92,97,130,365,268,319,61,19,0,0
89,27,527,827,1397,0.422448,91,90,126,369,274,322,62,20,0,0
90,27,503,833,1397,0.426279,85,86,120,366,270,327,62,20,0,0
91,26,512,834,1398,0.42698,85,88,118,367,269,338,61,20,0,0
92,25,511,838,1399,0.429585,80,87,117,364,281,339,60,21,0,0
93,25,508,839,1399,0.429057,82,88,115,359,285,338,58,22,0,0
94,25,486,843,1399,0.428337,79,92,113,359,274,333,57,22,0,0
95,24,493,845,1400,0.430456,78,91,110,366,264,348,59,22,0,0
96,24,475,848,1400,0.431031,73,89,111,370,256,343,59,22,0,0
97,23,460,850,1401,0.43265,68,90,113,369,248,334,66,22,0,0
98,23,437,855,1401,0.434452,66,88,111,358,250,331,66,22,0,0
99,22,443,854,1402,0.434813,62,92,112,356,251,338,63,23,0,0
100,22,442,855,1402,0.433688,63,95,114,356,253,325,62,29,0,0
101,20,432,857,1404,0.432989,60,102,117,347,248,322,64,29,0,0
102,20,440,859,1404,0.431924,64,103,120,348,245,323,66,30,0,0
103,19,451,857,1405,0.433893,59,105,119,356,240,332,65,32,0,0
104,19,438,861,1405,0.433341,54,104,124,356,241,328,63,29,0,0
105,19,435,864,1405,0.433305,52,106,127,356,236,328,65,29,0,0
106,19,432,864,1405,0.434683,50,106,128,350,236,334,63,29,0,0
107,19,413,871,1405,0.434917,49,104,125,350,234,331,61,30,0,0
108,18,404,876,1406,0.436242,46,101,124,350,239,331,59,30,0,0
109,18,383,879,1406,0.436252,44,96,127,346,238,326,57,28,0,0
110,17,393,879,1407,0.435232,43,102,125,351,244,324,55,28,0,0
111,16,412,876,1408,0.435746,46,101,132,343,248,333,55,30,0,0
112,16,421,875,1408,0.438183,42,99,128,353,249,339,57,29,0,0
113,16,443,872,1408,0.436479,42,97,139,365,251,336,56,29,0,0
114,16,416,876,1408,0.438264,41,93,134,358,243,337,57,29,0,0
115,16,425,875,1408,0.4327,50,97,139,359,245,325,56,29,0,0
116,16,408,879,1408,0.435694,45,96,137,352,238,333,57,29,0,0
117,16,410,881,1408,0.437,45,95,129,355,249,330,59,29,0,0
118,15,381,888,1409,0.43895,40,93,127,351,242,330,57,29,0,0
119,13,379,888,1411,0.439279,43,89,120,356,245,332,53,29,0,0
120,12,396,885,1412,0.439335,43,84,127,362,249,332,55,29,0,0
121,12,407,882,1412,0.439275,43,88,128,357,252,338,55,28,0,0
122,12,413,882,1412,0.438146,41,93,127,363,252,336,56,27,0,0
123,12,421,879,1412,0.437213,40,94,124,371,257,336,51,27,0,0
124,11,414,880,1413,0.439518,40,93,121,366,250,344,51,29,0,0
125,10,425,878,1414,0.438204,41,97,121,369,254,339,51,31,0,0
126,9,413,882,1415,0.4389,41,92,118,370,261,332,50,31,0,0
127,9,406,882,1415,0.441936,41,87,118,361,260,335,52,34,0,0
128,9,404,882,1415,0.442258,41,88,116,359,256,342,50,34,0,0
129,9,401,882,1415,0.441655,41,89,116,357,252,346,49,33,0,0
130,9,378,888,1415,0.441902,41,85,116,349,255,338,51,31,0,0
131,8,398,885,1416,0.441302,40,83,121,364,255,338,54,28,0,0
132,8,412,883,1416,0.440275,39,85,126,366,255,342,56,26,0,0
133,8,414,883,1416,0.440272,40,86,132,357,254,341,60,27,0,0
134,8,403,886,1416,0.439755,38,88,129,359,257,333,58,27,0,0
135,8,392,891,1416,0.44022,36,84,129,364,257,331,56,26,0,0
136,8,393,890,1416,0.438415,39,89,127,357,263,328,55,25,0,0
137,6,400,891,1418,0.439341,37,91,126,357,267,333,54,26,0,0
138,6,411,886,1418,0.439396,40,90,127,356,261,344,53,26,0,0
139,6,395,886,1418,0.438803,42,87,126,347,261,339,54,25,0,0
140,6,380,890,1418,0.437573,39,91,126,347,259,330,53,25,0,0
141,6,376,892,1418,0.438265,39,89,125,345,265,327,54,24,0,0
142,6,391,889,1418,0.438381,45,86,125,341,273,333,53,24,0,0
143,6,404,887,1418,0.4387,43,89,131,336,278,337,52,25,0,0
144,6,412,886,1418,0.438457,41,90,135,342,274,339,52,25,0,0
145,5,387,893,1419,0.438458,41,86,135,339,267,336,51,25,0,0
146,5,371,895,1419,0.438427,39,87,137,336,255,334,50,28,0,0
147,5,367,894,1419,0.438896,36,91,131,337,255,334,49,28,0,0
148,4,389,890,1420,0.43636,39,92,141,336,261,335,48,27,0,0
149,4,389,891,1420,0.434458,39,96,138,343,261,329,47,27,0,0
150,4,388,890,1420,0.434945,37,98,140,340,259,328,46,30,0,0
151,4,410,885,1420,0.435765,39,92,139,358,257,332,49,29,0,0
152,4,398,887,1420,0.438453,37,90,133,355,251,338,52,29,0,0
153,4,384,889,1420,0.437237,35,94,136,351,246,332,50,29,0,0
154,4,367,893,1420,0.437141,33,95,132,352,243,328,49,28,0,0
155,3,357,897,1421,0.436513,36,92,132,351,238,329,49,27,0,0
156,3,350,899,1421,0.43631,36,88,136,353,234,323,52,27,0,0
157,3,367,897,1421,0.43538,40,89,134,359,239,321,55,27,0,0
158,3,395,889,1421,0.436881,36,85,133,382,245,320,56,27,0,0
159,3,413,885,1421,0.434092,36,89,128,405,244,314,55,27,0,0
160,3,397,888,1421,0.435556,36,85,126,399,240,316,57,26,0,0
161,3,354,894,1421,0.435186,34,85,127,383,228,312,53,26,0,0
162,3,364,893,1421,0.435518,34,90,127,374,233,323,50,26,0,0
163,3,380,890,1421,0.434781,33,96,127,376,241,319,52,26,0,0
164,3,396,888,1421,0.434968,33,97,127,382,243,324,52,26,0,0
165,3,402,887,1421,0.43386,36,95,127,386,245,325,49,26,0,0
166,3,437,879,1421,0.432853,43,95,128,392,251,327,51,29,0,0
167,3,430,880,1421,0.432956,41,95,130,389,249,330,48,28,0,0
168,3,435,881,1421,0.431424,40,98,133,390,253,327,47,28,0,0
169,3,419,884,1421,0.432281,39,101,126,384,256,320,49,28,0,0
170,3,441,878,1421,0.433277,38,107,126,385,251,333,50,29,0,0
171,3,422,883,1421,0.432945,36,104,127,382,257,321,49,29,0,0
172,3,450,878,1421,0.433642,35,99,131,390,274,322,48,29,0,0
173,3,450,879,1421,0.434156,34,97,134,393,267,327,48,29,0,0
174,3,447,878,1421,0.435431,32,93,140,394,263,322,49,32,0,0
175,3,438,882,1421,0.435701,32,93,136,395,259,326,48,31,0,0
176,3,437,882,1421,0.437381,31,89,133,403,261,320,49,33,0,0
177,3,432,883,1421,0.437534,31,86,137,399,258,324,48,32,0,0
178,3,419,885,1421,0.436966,36,83,137,391,254,322,49,32,0,0
179,3,428,885,1421,0.436376,35,88,138,393,252,325,51,31,0,0
180,3,424,887,1421,0.4364,34,94,136,385,255,324,52,31,0,0
181,3,424,886,1421,0.436664,32,92,138,388,255,322,53,30,0,0
182,3,417,886,1421,0.434282,35,93,141,380,256,317,52,29,0,0
183,3,404,889,1421,0.435483,34,89,137,380,257,316,51,29,0,0
184,3,379,896,1421,0.436135,33,87,135,373,257,310,52,28,0,0
185,3,363,901,1421,0.435368,32,86,138,371,256,303,50,28,0,0
186,3,371,898,1421,0.434907,32,87,137,372,262,302,49,28,0,0
187,3,386,893,1421,0.436221,36,83,138,366,265,311,52,28,0,0
188,2,379,895,1422,0.436156,36,83,136,364,264,311,53,27,0,0
189,2,375,895,1422,0.438283,34,79,135,362,270,307,53,30,0,0
190,2,388,893,1422,0.437486,32,79,140,369,275,304,53,29,0,0
191,2,404,891,1422,0.436349,33,83,150,360,280,307,53,29,0,0
192,2,390,896,1422,0.436996,32,81,147,361,276,309,51,29,0,0
193,2,404,894,1422,0.436509,31,79,146,381,277,304,51,29,0,0
194,2,413,892,1422,0.435483,33,81,144,386,273,309,50,29,0,0
195,2,393,898,1422,0.436412,33,83,141,375,270,308,49,32,0,0
196,2,387,898,1422,0.436067,33,80,139,382,263,306,49,33,0,0
197,1,379,900,1423,0.43472,32,80,139,389,258,301,48,32,0,0
198,1,362,904,1423,0.437386,29,79,134,380,261,304,47,32,0,0
199,1,356,905,1423,0.438426,28,80,135,371,261,308,46,32,0,0
200,1,342,909,1423,0.439083,27,79,133,371,257,305,46,33,0,0
201,1,340,909,1423,0.441468,25,77,133,365,256,311,48,34,0,0
202,1,332,912,1423,0.440393,25,78,132,367,252,310,48,32,0,0
203,1,328,913,1423,0.439448,24,78,135,364,258,305,47,30,0,0
204,1,316,915,1423,0.440256,23,79,135,359,254,302,46,33,0,0
205,1,313,915,1423,0.441253,23,78,132,358,252,306,46,33,0,0
206,1,340,908,1423,0.438576,23,87,130,367,253,311,45,32,0,0
207,1,337,907,1423,0.439349,21,85,130,365,257,310,44,32,0,0
208,1,339,908,1423,0.439604,21,84,133,364,259,308,46,32,0,0
209,1,341,907,1423,0.43955,21,86,135,370,253,299,46,38,0,0
210,1,334,907,1423,0.441344,21,83,139,359,246,308,45,40,0,0
211,1,341,906,1423,0.44128,24,83,138,355,250,316,44,37,0,0
212,1,346,903,1423,0.441202,23,81,146,355,242,323,43,36,0,0
213,1,349,902,1423,0.441664,23,87,141,355,239,321,46,39,0,0
214,1,360,899,1423,0.445178,22,89,136,347,248,330,45,42,0,0
215,1,363,899,1423,0.445269,22,90,130,352,250,334,43,41,0,0
216,1,380,896,1423,0.443854,21,95,136,357,250,329,44,44,0,0
217,1,371,896,1423,0.443508,22,93,131,363,245,326,44,43,0,0
218,1,378,897,1423,0.443271,22,96,127,371,244,325,49,41,0,0
219,1,384,892,1423,0.443885,22,92,126,376,250,320,51,39,0,0
220,1,388,890,1423,0.444171,24,89,130,374,251,314,53,43,0,0
221,1,384,894,1423,0.441977,24,90,129,385,248,307,53,42,0,0
222,1,379,894,1423,0.444349,23,85,128,381,246,317,52,41,0,0
223,1,374,896,1423,0.445803,23,80,125,382,250,319,52,39,0,0
224,1,381,895,1423,0.445224,23,76,131,378,263,318,52,35,0,0
225,1,375,894,1423,0.445791,22,76,133,367,268,316,54,33,0,0
226,1,372,894,1423,0.446742,22,77,129,363,268,319,52,36,0,0
227,1,377,893,1423,0.446192,22,79,128,368,267,318,51,37,0,0
228,1,386,890,1423,0.443702,22,84,134,368,265,317,50,36,0,0
229,1,391,888,1423,0.443193,22,84,130,375,272,308,52,36,0,0
230,1,385,889,1423,0.441269,22,87,134,368,270,310,49,34,0,0
231,1,372,890,1423,0.443803,22,88,125,366,259,316,49,37,0,0
232,1,366,892,1423,0.442942,23,90,121,373,253,310,50,38,0,0
233,1,368,890,1423,0.441362,27,91,116,375,250,311,52,36,0,0
234,1,366,892,1423,0.439936,27,94,118,373,251,308,49,38,0,0
235,1,367,891,1423,0.441324,26,91,122,362,260,314,47,36,0,0
236,1,363,891,1423,0.440642,26,93,121,358,267,308,47,34,0,0
237,1,389,885,1423,0.440398,29,93,127,359,269,312,48,37,0,0
238,1,411,880,1423,0.439355,32,95,128,361,272,320,47,36,0,0
239,1,440,875,1423,0.442678,33,90,125,370,276,336,46,39,0,0
240,1,419,878,1423,0.443446,30,89,121,369,276,328,45,39,0,0
241,1,412,881,1423,0.444122,29,89,117,369,274,331,46,38,0,0
242,1,413,883,1423,0.443607,28,92,116,370,277,329,46,38,0,0
243,1,422,882,1423,0.441605,31,91,122,371,280,326,46,37,0,0
244,1,435,880,1423,0.441548,34,91,118,376,286,324,46,40,0,0
245,1,425,884,1423,0.442245,33,89,120,374,282,323,49,39,0,0
246,1,418,885,1423,0.439874,35,94,126,364,282,311,50,41,0,0
247,1,414,887,1423,0.43887,35,97,127,357,286,312,49,38,0,0
248,1,447,880,1423,0.439653,35,99,129,360,290,326,49,39,0,0
249,1,429,886,1423,0.439734,34,100,125,356,283,335,45,37,0,0
250,1,432,886,1423,0.441549,34,98,123,348,287,348,45,35,0,0
251,1,419,890,1423,0.441338,35,93,125,351,279,347,45,34,0,0
252,1,404,894,1423,0.440299,35,92,125,351,271,348,44,32,0,0
253,1,391,898,1423,0.440491,35,91,128,342,271,345,44,33,0,0
254,1,376,901,1423,0.439574,34,94,126,340,267,340,44,32,0,0
255,1,396,896,1423,0.438374,32,98,130,344,274,340,42,32,0,0
256,1,390,896,1423,0.438168,30,102,127,345,274,332,42,34,0,0
257,1,387,897,1423,0.438151,30,104,123,346,265,339,45,32,0,0
258,0,365,902,1424,0.440073,30,97,121,340,267,335,45,32,0,0
259,0,396,895,1424,0.440106,30,93,125,353,281,331,46,32,0,0
260,0,401,894,1424,0.440859,30,92,125,357,279,327,53,32,0,0
261,0,377,899,1424,0.441492,30,88,123,351,277,323,52,32,0,0
262,0,376,899,1424,0.441377,29,90,124,347,279,321,54,31,0,0
263,0,356,902,1424,0.441411,28,87,124,342,282,312,53,30,0,0
264,0,375,897,1424,0.442092,27,88,128,342,286,313,56,32,0,0
265,0,385,896,1424,0.443898,25,88,127,340,289,327,54,31,0,0
266,0,394,894,1424,0.444108,24,88,135,338,285,330,57,31,0,0
267,0,412,888,1424,0.443607,28,85,137,346,279,339,53,33,0,0
268,0,381,893,1424,0.442946,28,88,130,338,270,336,53,31,0,0
269,0,391,889,1424,0.443212,28,90,126,338,275,342,51,30,0,0
270,0,385,892,1424,0.441604,28,94,126,338,272,338,51,30,0,0
271,0,419,886,1424,0.441957,29,94,129,348,270,350,55,30,0,0
272,0,417,886,1424,0.440767,29,93,130,351,271,347,54,28,0,0
273,0,414,889,1424,0.44061,29,93,131,348,272,349,53,28,0,0
274,0,429,884,1424,0.439841,35,87,129,356,279,346,52,29,0,0
275,0,436,881,1424,0.440232,34,86,129,356,289,346,49,28,0,0
276,0,421,884,1424,0.440826,33,85,128,350,288,344,47,30,0,0
277,0,406,887,1424,0.439845,32,85,127,353,289,328,46,33,0,0
278,0,397,890,1424,0.440121,32,85,126,357,281,322,51,33,0,0
279,0,380,893,1424,0.438337,32,89,125,355,270,321,47,34,0,0
280,0,388,893,1424,0.438529,30,91,128,357,270,323,48,34,0,0
281,0,404,891,1424,0.438677,30,89,135,360,269,327,52,33,0,0
282,0,412,888,1424,0.436478,30,94,132,370,261,329,52,32,0,0
283,0,427,882,1424,0.433498,31,102,127,375,263,334,49,28,0,0
284,0,410,884,1424,0.433617,31,104,128,363,256,335,49,28,0,0
285,0,393,890,1424,0.432122,31,108,125,365,251,326,50,27,0,0
286,0,376,894,1424,0.432752,31,102,124,368,243,328,48,26,0,0
287,0,356,899,1424,0.431185,30,102,123,368,245,315,47,25,0,0
288,0,353,899,1424,0.432571,33,98,120,369,242,310,55,25,0,0
289,0,355,900,1424,0.431435,33,100,120,372,243,309,53,25,0,0
290,0,350,903,1424,0.43097,32,101,123,368,244,307,53,25,0,0
291,0,372,898,1424,0.430863,32,101,127,372,246,315,52,25,0,0
292,0,386,896,1424,0.430301,34,103,127,378,242,319,54,25,0,0
293,0,381,897,1424,0.429256,34,103,128,381,240,313,54,25,0,0
294,0,371,898,1424,0.429423,34,103,121,384,238,311,54,24,0,0
295,0,375,898,1424,0.429521,33,104,119,389,239,312,53,24,0,0
296,0,405,893,1424,0.428996,33,103,127,396,248,315,52,24,0,0
297,0,396,896,1424,0.427579,34,106,125,397,245,310,51,24,0,0
298,0,380,898,1424,0.426783,34,104,123,402,241,300,50,24,0,0
299,0,378,898,1424,0.430446,32,100,119,403,240,300,55,27,0,0
300,0,369,901,1424,0.430623,33,98,117,401,239,302,53,27,0,0
301,0,397,895,1424,0.430169,32,101,118,412,245,305,52,27,0,0
302,0,375,898,1424,0.428164,35,98,115,416,238,294,51,26,0,0
303,0,372,899,1424,0.428841,34,94,119,413,238,298,49,26,0,0
304,0,365,900,1424,0.428199,33,95,119,415,232,296,49,26,0,0
305,0,347,903,1424,0.427277,35,92,123,408,229,288,49,26,0,0
306,0,333,908,1424,0.425884,34,93,123,406,232,281,47,25,0,0
307,0,355,904,1424,0.424869,34,102,125,404,236,283,50,25,0,0
308,0,374,900,1424,0.422789,39,101,129,409,236,287,49,24,0,0
309,0,367,903,1424,0.423859,36,96,130,416,234,283,51,24,0,0
310,0,360,905,1424,0.422633,36,100,129,413,231,282,50,24,0,0
311,0,347,906,1424,0.421894,35,104,122,415,230,274,49,24,0,0
312,0,355,903,1424,0.423683,38,102,116,416,228,283,51,24,0,0
313,0,345,904,1424,0.424727,36,101,113,413,227,285,50,24,0,0
314,0,357,901,1424,0.421827,37,104,118,424,219,283,49,24,0,0
315,0,376,895,1424,0.424731,35,100,120,426,221,292,53,24,0,0
316,0,365,898,1424,0.424905,35,98,119,422,224,291,50,24,0,0
317,0,384,894,1424,0.426569,34,95,118,435,221,300,50,25,0,0
318,0,384,894,1424,0.426416,33,96,122,430,219,303,50,25,0,0
319,0,409,890,1424,0.429274,36,91,122,431,225,316,53,25,0,0
320,0,396,891,1424,0.427839,35,92,121,431,228,304,51,25,0,0
321,0,370,897,1424,0.429095,35,89,118,424,226,296,54,25,0,0
322,0,358,900,1424,0.430607,35,89,116,417,222,296,56,27,0,0
323,0,375,899,1424,0.430402,34,87,119,428,231,293,55,27,0,0
324,0,414,891,1424,0.429181,36,89,128,436,232,300,57,27,0,0
325,0,400,893,1424,0.428309,34,89,130,438,228,292,56,26,0,0
326,0,403,892,1424,0.426076,32,94,132,447,224,285,55,26,0,0
327,0,423,888,1424,0.423208,31,102,131,463,224,280,54,26,0,0
328,0,422,888,1424,0.422966,31,105,130,455,230,281,52,26,0,0
329,0,424,886,1424,0.423082,31,106,129,454,231,281,50,28,0,0
330,0,434,884,1424,0.42305,32,103,125,470,232,280,49,27,0,0
331,0,428,884,1424,0.424845,31,99,128,462,230,284,49,29,0,0
332,0,434,883,1424,0.425081,31,99,125,468,225,290,51,28,0,0
333,0,431,886,1424,0.425323,33,98,125,462,228,291,51,29,0,0
334,0,432,888,1424,0.427378,31,98,131,456,229,288,54,33,0,0
335,0,446,884,1424,0.427217,30,98,131,467,225,295,52,32,0,0
336,0,445,887,1424,0.427026,30,96,129,472,229,294,50,32,0,0
337,0,456,887,1424,0.428992,29,93,132,472,233,299,52,33,0,0
338,0,426,895,1424,0.42906,28,95,126,465,227,294,53,33,0,0
339,0,417,897,1424,0.428936,28,92,126,463,232,288,53,32,0,0
340,0,413,897,1424,0.429132,28,91,128,463,228,284,52,36,0,0
341,0,417,897,1424,0.430151,27,90,130,467,225,286,53,36,0,0
342,0,437,893,1424,0.431554,31,85,133,473,227,284,58,39,0,0
343,0,459,888,1424,0.431629,31,87,137,474,231,291,56,40,0,0
344,0,451,890,1424,0.431775,29,85,138,476,234,284,55,40,0,0
345,0,467,889,1424,0.432384,29,86,138,477,238,294,55,39,0,0
346,0,468,890,1424,0.430652,32,84,140,482,237,292,53,38,0,0
347,0,455,892,1424,0.431813,30,81,140,481,236,288,52,39,0,0
348,0,443,893,1424,0.432362,28,81,143,474,236,282,50,42,0,0
349,0,436,891,1424,0.434628,28,76,148,464,228,283,56,44,0,0
350,0,430,894,1424,0.434689,28,75,153,456,235,276,57,44,0,0
351,0,439,892,1424,0.433696,28,75,153,468,228,279,57,43,0,0
352,0,460,887,1424,0.432427,28,78,158,474,228,280,56,45,0,0
353,0,464,886,1424,0.432443,29,78,152,484,223,284,55,45,0,0
354,0,457,886,1424,0.432551,28,80,149,479,232,276,54,45,0,0
355,0,460,887,1424,0.430882,28,83,155,475,237,273,50,46,0,0
356,0,480,884,1424,0.430845,28,82,156,491,234,276,51,46,0,0
357,0,473,884,1424,0.430468,31,81,153,481,239,279,49,44,0,0
358,0,463,888,1424,0.431654,31,80,156,471,241,275,50,47,0,0
359,0,443,890,1424,0.432355,31,77,151,460,244,277,49,44,0,0
360,0,444,891,1424,0.431792,33,75,149,465,242,277,51,43,0,0
361,0,414,896,1424,0.432871,32,77,145,447,236,279,51,43,0,0
362,0,407,896,1424,0.432832,32,79,145,439,235,280,51,42,0,0
363,0,391,896,1424,0.433202,35,78,143,427,234,275,49,46,0,0
364,0,398,895,1424,0.430914,35,85,141,431,233,278,45,45,0,0
365,0,400,896,1424,0.430224,35,88,136,434,233,282,46,42,0,0
366,0,387,900,1424,0.428758,36,91,135,423,241,274,45,42,0,0
367,0,400,898,1424,0.426557,37,93,139,429,244,271,46,39,0,0
368,0,397,899,1424,0.425779,40,92,142,421,248,266,49,38,0,0
369,0,407,898,1424,0.424415,40,93,143,434,248,260,49,38,0,0
370,0,395,899,1424,0.425896,37,92,147,421,248,262,49,38,0,0
371,0,392,899,1424,0.423959,40,92,147,423,244,258,51,36,0,0
372,0,402,898,1424,0.425304,43,90,146,426,238,267,50,40,0,0
373,0,413,893,1424,0.426711,43,90,139,424,242,285,47,36,0,0
374,0,399,895,1424,0.426026,44,84,143,420,240,282,48,33,0,0
375,0,384,896,1424,0.426431,44,85,139,410,240,282,48,32,0,0
376,0,389,891,1424,0.423838,51,79,142,414,241,276,46,31,0,0
377,0,407,888,1424,0.423781,51,79,143,428,239,274,49,32,0,0
378,0,417,885,1424,0.425864,50,75,138,439,243,273,52,32,0,0
379,0,430,882,1424,0.425965,51,76,138,441,248,273,52,33,0,0
380,0,427,885,1424,0.423896,55,79,139,438,244,270,52,35,0,0
381,0,434,883,1424,0.424736,57,79,132,445,249,265,50,40,0,0
382,0,443,882,1424,0.423932,57,78,137,445,253,268,49,38,0,0
383,0,445,885,1424,0.424729,56,83,132,447,248,275,49,40,0,0
384,0,434,887,1424,0.425156,55,83,128,447,241,281,48,38,0,0
385,0,428,887,1424,0.42624,55,79,129,441,237,287,50,37,0,0
386,0,409,893,1424,0.427228,54,76,134,429,237,283,51,38,0,0
387,0,424,889,1424,0.427255,57,73,129,439,246,281,50,38,0,0
388,0,408,887,1424,0.42506,58,79,128,426,241,275,50,38,0,0
389,0,423,883,1424,0.42583,58,78,126,436,244,270,57,37,0,0
390,0,428,881,1424,0.425804,57,81,125,438,243,270,55,40,0,0
391,0,421,884,1424,0.426734,56,77,129,432,249,268,55,39,0,0
392,0,430,884,1424,0.426072,60,77,127,437,244,271,62,36,0,0
393,0,432,886,1424,0.42639,63,77,128,438,238,270,63,41,0,0
394,0,432,887,1424,0.426845,64,79,126,434,235,277,64,40,0,0
395,0,429,888,1424,0.426935,60,82,125,435,239,276,61,39,0,0
396,0,421,888,1424,0.427687,58,79,121,440,242,269,61,39,0,0
397,0,432,882,1424,0.426441,58,85,119,441,245,267,62,37,0,0
398,0,427,885,1424,0.429619,56,77,122,435,254,269,61,38,0,0
399,0,423,885,1424,0.430836,56,75,127,423,251,275,64,37,0,0
400,0,424,885,1424,0.431873,56,72,122,432,246,279,68,34,0,0
401,0,443,882,1424,0.432279,60,69,122,436,254,281,70,33,0,0
402,0,426,887,1424,0.434773,56,69,122,428,250,280,74,34,0,0
403,0,447,883,1424,0.435711,55,66,123,437,259,283,71,36,0,0
404,0,443,884,1424,0.436243,55,59,126,443,258,279,71,36,0,0
405,0,459,881,1424,0.434327,55,64,131,443,259,284,69,35,0,0
406,0,427,888,1424,0.433624,56,63,130,433,250,282,66,35,0,0
407,0,417,887,1424,0.434883,55,62,126,428,249,287,61,36,0,0
408,0,413,890,1424,0.433342,58,62,130,421,249,287,61,35,0,0
409,0,403,889,1424,0.430553,60,60,129,425,247,280,58,33,0,0
410,0,435,884,1424,0.429425,65,63,132,427,252,281,66,33,0,0
411,0,434,884,1424,0.431555,61,62,129,429,250,288,66,33,0,0
412,0,442,883,1424,0.433323,58,62,129,434,246,294,69,33,0,0
413,0,464,879,1424,0.436713,56,60,131,433,253,304,70,36,0,0
414,0,464,880,1424,0.435959,55,60,135,438,250,298,72,36,0,0
415,0,446,883,1424,0.43433,56,59,137,431,249,292,69,36,0,0
416,0,413,891,1424,0.433259,59,57,133,422,248,284,64,37,0,0
417,0,397,894,1424,0.431387,59,61,133,411,246,283,63,35,0,0
418,0,403,893,1424,0.43011,60,60,133,414,256,279,59,35,0,0
419,0,417,893,1424,0.431036,57,64,135,409,265,287,59,34,0,0
420,0,399,895,1424,0.429107,62,62,130,407,261,281,58,33,0,0
421,0,388,896,1424,0.429933,58,65,128,403,255,281,61,33,0,0
422,0,385,900,1424,0.429701,58,64,127,406,257,284,57,32,0,0
423,0,380,902,1424,0.42777,60,68,127,401,252,287,56,31,0,0
424,0,400,898,1424,0.428,62,67,128,411,247,290,60,33,0,0
425,0,388,902,1424,0.427886,60,70,127,409,245,285,59,35,0,0
426,0,367,904,1424,0.426898,59,69,127,401,245,279,58,33,0,0
427,0,380,900,1424,0.426835,61,69,127,406,243,280,61,33,0,0
428,0,372,902,1424,0.427936,60,71,126,399,238,284,63,33,0,0
429,0,373,901,1424,0.426988,61,72,132,398,231,280,69,31,0,0
430,0,402,896,1424,0.427224,65,73,130,397,248,285,69,31,0,0
431,0,405,897,1424,0.425448,64,77,137,392,253,284,65,30,0,0
432,0,394,897,1424,0.42396,64,81,139,387,246,278,66,30,0,0
433,0,393,899,1424,0.423103,67,83,141,379,245,281,65,31,0,0
434,0,397,898,1424,0.422933,67,85,136,388,243,278,65,33,0,0
435,0,412,895,1424,0.422668,65,85,135,403,248,276,62,33,0,0
436,0,413,893,1424,0.421259,68,92,130,399,248,274,58,37,0,0
437,0,409,894,1424,0.42066,68,92,129,398,246,278,56,36,0,0
438,0,418,894,1424,0.420742,67,90,128,410,246,281,56,34,0,0
439,0,448,888,1424,0.418349,72,93,132,411,251,291,54,32,0,0
440,0,462,883,1424,0.417735,69,97,141,405,257,289,56,31,0,0
441,0,438,886,1424,0.418201,65,94,140,402,259,280,54,30,0,0
442,0,437,887,1424,0.416728,69,91,137,408,261,274,56,28,0,0
443,0,454,884,1424,0.416947,70,92,135,419,263,272,56,31,0,0
444,0,446,886,1424,0.418657,67,89,138,412,262,279,54,31,0,0
445,0,420,890,1424,0.421168,66,82,137,401,261,278,53,32,0,0
446,0,411,892,1424,0.420216,63,85,140,402,257,272,49,35,0,0
447,0,409,891,1424,0.424866,56,80,137,400,266,275,50,36,0,0
448,0,395,894,1424,0.424867,54,79,137,399,264,272,50,34,0,0
449,0,388,894,1424,0.4236,53,82,135,399,260,273,48,32,0,0
450,0,387,896,1424,0.425665,53,82,130,397,254,285,51,31,0,0
451,0,398,895,1424,0.425195,58,78,128,407,252,288,50,32,0,0
452,0,399,895,1424,0.424049,60,76,126,416,250,286,50,30,0,0
453,0,395,896,1424,0.424293,58,74,127,420,247,287,48,30,0,0
454,0,389,898,1424,0.421435,61,76,129,423,241,278,50,29,0,0
455,0,384,899,1424,0.422651,58,74,136,417,241,276,52,29,0,0
456,0,401,893,1424,0.424764,53,77,128,433,243,275,56,29,0,0
457,0,391,897,1424,0.425441,51,79,125,428,244,277,56,28,0,0
458,0,430,887,1424,0.426471,48,77,128,445,255,282,54,28,0,0
459,0,415,893,1424,0.428551,46,75,130,433,257,280,58,29,0,0
460,0,410,895,1424,0.42829,52,77,126,423,254,284,57,32,0,0
461,0,393,897,1424,0.42945,48,74,124,421,258,280,54,31,0,0
462,0,395,897,1424,0.43033,47,73,121,428,255,281,57,30,0,0
463,0,397,896,1424,0.429576,46,75,124,425,253,285,55,30,0,0
464,0,393,897,1424,0.431523,46,74,125,414,257,287,57,30,0,0
465,0,370,901,1424,0.433064,42,72,124,408,252,286,59,28,0,0
466,0,360,902,1424,0.432721,40,74,122,404,251,289,56,26,0,0
467,0,364,900,1424,0.430105,38,79,122,410,253,285,52,25,0,0
468,0,367,901,1424,0.43124,37,77,121,412,261,283,50,27,0,0
469,0,381,897,1424,0.428769,37,81,132,409,262,282,49,26,0,0
470,0,419,890,1424,0.430433,39,82,139,403,271,297,52,26,0,0
471,0,424,890,1424,0.432119,38,80,136,403,274,307,50,26,0,0
472,0,431,888,1424,0.431141,40,82,134,399,286,300,52,26,0,0
473,0,449,884,1424,0.429921,46,87,131,401,279,306,59,24,0,0
474,0,432,886,1424,0.431707,43,84,128,393,284,305,57,24,0,0
475,0,443,885,1424,0.432339,42,80,137,387,297,303,58,24,0,0
476,0,436,885,1424,0.433034,41,80,132,387,297,303,54,27,0,0
477,0,456,876,1424,0.428351,44,81,140,400,294,298,49,26,0,0
478,0,443,879,1424,0.427147,44,82,137,407,286,292,48,26,0,0
479,0,440,879,1424,0.429644,44,81,139,397,280,301,47,30,0,0
480,0,447,880,1424,0.430668,43,82,136,404,275,308,49,30,0,0
481,0,429,886,1424,0.429864,44,82,135,399,272,306,48,29,0,0
482,0,459,883,1424,0.429894,43,83,133,418,275,315,47,28,0,0
483,0,446,884,1424,0.428254,48,81,129,414,275,309,48,26,0,0
484,0,460,880,1424,0.430015,48,79,130,410,288,310,46,29,0,0
485,0,456,885,1424,0.428741,51,80,132,409,284,310,46,29,0,0
486,0,455,884,1424,0.431132,51,77,136,404,275,308,56,32,0,0
487,0,456,883,1424,0.430009,49,76,140,413,274,301,53,33,0,0
488,0,456,885,1424,0.429421,51,74,143,414,273,300,52,34,0,0
489,0,451,887,1424,0.428808,49,74,140,422,275,295,50,33,0,0
490,0,431,890,1424,0.427691,44,78,139,419,274,289,48,30,0,0
491,0,416,894,1424,0.429,41,74,136,422,275,282,51,29,0,0
492,0,405,898,1424,0.42752,41,73,135,430,271,276,48,29,0,0
493,0,416,896,1424,0.426434,40,82,133,432,271,275,48,31,0,0
494,0,416,897,1424,0.426502,39,80,130,438,276,274,47,29,0,0
495,0,394,900,1424,0.424739,40,80,127,435,272,267,47,26,0,0
496,0,385,902,1424,0.424522,40,81,125,433,272,265,46,25,0,0
497,0,382,902,1424,0.424437,39,81,123,436,274,261,45,25,0,0
498,0,400,900,1424,0.425941,38,79,131,434,273,275,44,26,0,0
499,0,380,901,1424,0.426574,36,76,133,430,267,269,44,26,0,0
500,0,392,897,1424,0.428481,35,74,127,436,279,266,44,28,0,0
501,0,386,898,1424,0.429146,32,76,129,433,275,262,46,31,0,0
502,0,384,898,1424,0.42891,31,79,124,431,280,263,44,30,0,0
503,0,378,901,1424,0.429221,31,76,121,433,287,257,44,30,0,0
504,0,377,899,1424,0.427732,28,81,127,433,287,245,44,31,0,0
505,0,358,904,1424,0.428598,27,81,122,431,281,244,46,30,0,0
506,0,356,903,1424,0.430672,27,83,116,419,288,246,48,32,0,0
507,0,367,902,1424,0.430602,27,84,122,414,288,252,51,31,0,0
508,0,361,903,1424,0.431564,25,80,118,425,281,252,52,31,0,0
509,0,354,905,1424,0.431834,24,78,116,431,276,253,51,30,0,0
510,0,357,904,1424,0.429199,27,81,116,437,268,251,52,29,0,0
511,0,375,897,1424,0.430158,27,79,116,444,269,253,53,31,0,0
512,0,373,897,1424,0.43164,27,76,109,442,278,256,54,28,0,0
513,0,367,898,1424,0.430494,27,77,108,447,272,254,52,28,0,0
514,0,355,898,1424,0.431052,27,74,111,439,265,257,52,28,0,0
515,0,373,896,1424,0.435083,26,68,113,438,277,264,52,31,0,0
516,0,363,897,1424,0.436805,25,63,114,435,274,267,52,30,0,0
517,0,360,898,1424,0.436866,28,60,110,443,272,259,55,31,0,0
518,0,356,901,1424,0.437264,27,59,107,450,268,261,54,31,0,0
519,0,349,901,1424,0.436322,31,57,104,446,267,264,53,28,0,0
520,0,333,906,1424,0.436574,30,56,103,441,262,269,52,26,0,0
521,0,352,901,1424,0.436472,28,54,108,450,270,265,52,26,0,0
522,0,356,900,1424,0.43663,27,54,109,447,276,266,53,24,0,0
523,0,374,897,1424,0.438121,26,55,108,458,268,271,58,27,0,0
524,0,372,899,1424,0.43745,26,55,110,459,269,266,59,27,0,0
525,0,373,900,1424,0.436652,26,56,110,465,264,266,59,27,0,0
526,0,374,898,1424,0.437619,26,59,105,459,267,267,62,27,0,0
527,0,373,898,1424,0.436503,26,61,113,454,260,267,63,27,0,0
528,0,358,902,1424,0.436587,25,64,109,448,258,268,61,27,0,0
529,0,364,900,1424,0.43543,24,66,108,455,261,265,60,25,0,0
530,0,371,899,1424,0.437853,24,65,105,451,267,268,63,27,0,0
531,0,368,898,1424,0.43706,24,63,107,457,262,264,62,27,0,0
532,0,372,900,1424,0.4369,24,66,107,455,265,266,63,26,0,0
533,0,380,900,1424,0.435806,25,67,108,460,267,267,60,26,0,0
534,0,375,903,1424,0.435585,26,68,107,457,268,263,64,25,0,0
535,0,365,905,1424,0.436112,26,64,103,463,264,261,63,26,0,0
536,0,389,901,1424,0.438056,26,62,102,463,283,262,67,25,0,0
537,0,384,902,1424,0.439146,26,60,104,456,282,265,68,25,0,0
538,0,406,896,1424,0.438029,26,58,110,463,287,267,67,24,0,0
539,0,390,899,1424,0.437822,26,59,110,454,286,261,69,24,0,0
540,0,408,895,1424,0.438517,29,57,109,452,298,264,70,24,0,0
541,0,401,896,1424,0.439513,28,60,103,450,298,260,69,29,0,0
542,0,381,901,1424,0.439462,29,59,102,441,294,260,69,28,0,0
543,0,376,902,1424,0.438256,29,59,105,436,294,263,67,25,0,0
544,0,384,901,1424,0.43779,29,57,105,438,307,261,64,24,0,0
545,0,406,895,1424,0.438802,28,60,103,446,304,269,64,27,0,0
546,0,394,898,1424,0.438698,28,64,102,434,301,272,63,28,0,0
547,0,394,899,1424,0.43689,27,63,106,443,301,265,60,28,0,0
548,0,392,899,1424,0.438017,28,56,109,441,305,264,61,27,0,0
549,0,388,900,1424,0.437205,28,54,112,443,304,258,63,26,0,0
550,0,387,900,1424,0.436499,28,57,112,437,310,254,63,26,0,0
551,0,370,904,1424,0.436559,27,56,108,436,315,246,59,27,0,0
552,0,373,904,1424,0.437828,27,55,109,435,313,249,61,28,0,0
553,0,372,902,1424,0.437621,27,57,112,433,305,250,60,30,0,0
554,0,368,903,1424,0.436203,27,55,115,438,303,246,57,30,0,0
555,0,372,900,1424,0.437407,28,54,112,439,300,245,66,28,0,0
556,0,354,904,1424,0.438051,28,54,108,432,295,250,64,27,0,0
557,0,348,904,1424,0.438093,32,53,109,417,293,259,63,26,0,0
558,0,358,903,1424,0.438652,30,53,107,425,293,265,63,25,0,0
559,0,376,899,1424,0.438799,31,52,109,428,302,264,64,25,0,0
560,0,376,900,1424,0.437967,32,55,107,427,306,261,61,27,0,0
561,0,360,904,1424,0.437984,32,52,110,420,305,259,59,27,0,0
562,0,362,904,1424,0.437342,35,52,109,421,305,256,59,29,0,0
563,0,341,908,1424,0.436039,35,52,111,412,304,249,59,27,0,0
564,0,372,902,1424,0.435586,34,56,116,422,306,251,62,27,0,0
565,0,367,903,1424,0.434937,36,56,115,419,306,250,62,26,0,0
566,0,354,904,1424,0.437201,35,51,110,416,308,249,63,26,0,0
567,0,363,903,1424,0.436443,35,50,114,418,314,250,60,25,0,0
568,0,374,902,1424,0.435212,35,51,122,418,317,245,63,25,0,0
569,0,386,901,1424,0.436837,33,51,120,425,318,251,61,28,0,0
570,0,390,900,1424,0.436152,32,55,121,423,317,254,60,28,0,0
571,0,397,899,1424,0.436157,33,55,121,425,318,255,62,27,0,0
572,0,396,897,1424,0.438268,33,51,115,432,315,253,65,29,0,0
573,0,386,900,1424,0.439941,34,48,113,426,312,257,67,29,0,0
574,0,412,893,1424,0.439675,37,47,112,434,321,256,68,30,0,0
575,0,407,894,1424,0.438885,38,47,113,432,313,263,66,29,0,0
576,0,413,895,1424,0.439515,39,47,112,435,309,269,68,29,0,0
577,0,404,894,1424,0.439228,41,47,111,423,312,266,71,27,0,0
578,0,420,892,1424,0.442078,40,45,108,427,318,269,75,30,0,0
579,0,414,894,1424,0.443438,39,45,108,422,317,270,76,31,0,0
580,0,405,894,1424,0.444216,39,43,110,414,321,262,80,30,0,0
581,0,402,896,1424,0.444619,38,47,106,409,324,265,81,28,0,0
582,0,408,893,1424,0.443753,40,46,103,412,332,261,79,28,0,0
583,0,399,893,1424,0.443698,39,45,101,418,323,258,80,28,0,0
584,0,390,895,1424,0.442532,39,45,104,413,327,254,75,28,0,0
585,0,361,900,1424,0.442908,39,43,105,405,319,246,75,29,0,0
586,0,369,899,1424,0.440838,41,42,111,410,319,242,73,30,0,0
587,0,381,896,1424,0.442879,39,42,112,407,322,251,74,30,0,0
588,0,370,898,1424,0.442969,41,44,108,403,315,250,74,33,0,0
589,0,381,898,1424,0.439871,47,46,109,409,313,247,76,32,0,0
590,0,371,900,1424,0.43926,47,46,109,413,304,242,78,32,0,0
591,0,356,904,1424,0.438892,45,48,108,411,298,241,77,32,0,0
592,0,348,906,1424,0.438572,45,47,108,408,300,240,76,30,0,0
593,0,345,909,1424,0.438409,43,48,106,411,305,238,74,29,0,0
594,0,372,902,1424,0.437978,42,46,121,412,308,244,70,31,0,0
595,0,410,892,1424,0.435375,44,49,126,424,316,242,71,30,0,0
596,0,423,886,1424,0.435073,45,52,125,423,319,244,71,30,0,0
597,0,412,888,1424,0.436355,43,54,124,415,315,246,73,30,0,0
598,0,425,885,1424,0.435587,41,54,127,425,320,240,71,32,0,0
599,0,405,888,1424,0.434467,42,56,124,421,312,235,71,32,0,0
600,0,399,888,1424,0.433514,43,55,118,425,316,231,68,31,0,0
601,0,376,893,1424,0.433566,42,54,118,418,312,228,65,32,0,0
602,0,404,884,1424,0.431682,41,60,119,426,315,234,62,31,0,0
603,0,424,884,1424,0.432201,43,58,121,430,318,244,63,31,0,0
604,0,455,878,1424,0.431585,43,62,122,443,314,255,61,33,0,0
605,0,445,879,1424,0.433799,40,61,122,437,314,251,66,33,0,0
606,0,426,883,1424,0.434572,40,58,116,436,312,250,65,32,0,0
607,0,429,883,1424,0.434775,39,57,116,440,312,253,64,31,0,0
608,0,415,887,1424,0.434807,37,57,115,439,305,257,62,30,0,0
609,0,414,887,1424,0.434697,38,57,114,438,309,251,65,29,0,0
610,0,428,886,1424,0.434782,36,54,113,460,304,254,64,29,0,0
611,0,402,890,1424,0.435697,34,55,111,452,299,245,64,32,0,0
612,0,396,890,1424,0.437658,30,55,112,440,304,253,61,31,0,0
613,0,397,892,1424,0.435716,30,60,116,440,299,254,59,31,0,0
614,0,429,886,1424,0.434614,32,63,113,455,310,252,59,31,0,0
615,0,443,882,1424,0.436091,30,60,109,460,327,248,60,31,0,0
616,0,441,883,1424,0.435399,30,60,112,466,318,247,58,33,0,0
617,0,429,884,1424,0.438007,29,58,111,458,314,248,56,39,0,0
618,0,436,883,1424,0.43391,34,59,110,468,318,238,55,37,0,0
619,0,444,880,1424,0.432387,36,55,121,465,316,242,56,33,0,0
620,0,440,880,1424,0.434193,35,52,117,466,318,245,54,33,0,0
621,0,442,882,1424,0.435573,33,54,118,459,321,251,54,34,0,0
622,0,431,883,1424,0.435549,33,53,124,453,312,251,52,36,0,0
623,0,417,886,1424,0.434944,32,54,124,447,310,254,48,34,0,0
624,0,414,886,1424,0.43523,33,54,121,446,313,247,50,36,0,0
625,0,413,886,1424,0.435608,29,55,123,442,314,256,48,32,0,0
626,0,390,893,1424,0.434781,29,55,121,438,311,251,48,30,0,0
627,0,372,898,1424,0.434827,28,54,119,428,316,250,47,28,0,0
628,0,390,895,1424,0.435569,28,52,125,436,316,247,49,32,0,0
629,0,398,893,1424,0.436149,27,53,128,441,310,246,51,35,0,0
630,0,386,895,1424,0.43684,23,56,129,434,311,239,53,36,0,0
631,0,369,898,1424,0.436225,23,55,128,425,319,231,52,34,0,0
632,0,371,898,1424,0.434433,23,54,134,426,321,230,49,32,0,0
633,0,387,896,1424,0.434006,21,56,133,430,333,232,48,30,0,0
634,0,368,901,1424,0.433312,24,54,135,418,333,227,50,28,0,0
635,0,368,898,1424,0.434217,24,53,129,421,331,231,50,27,0,0
636,0,357,902,1424,0.43492,25,51,128,418,330,228,52,27,0,0
637,0,352,902,1424,0.43587,25,49,129,413,329,228,55,26,0,0
638,0,352,901,1424,0.436675,23,52,127,413,328,227,57,26,0,0
639,0,324,907,1424,0.434952,22,52,126,413,319,220,53,26,0,0
640,0,337,903,1424,0.433566,24,52,125,421,320,222,51,25,0,0
641,0,347,904,1424,0.436436,24,52,124,423,317,226,57,28,0,0
642,0,353,902,1424,0.436718,24,51,128,424,308,238,55,27,0,0
643,0,341,904,1424,0.437187,23,53,123,421,306,235,57,27,0,0
644,0,335,905,1424,0.43487,24,54,123,423,303,233,54,26,0,0
645,0,339,905,1424,0.437914,23,51,121,419,308,241,53,28,0,0
646,0,357,902,1424,0.439164,21,51,124,416,316,253,51,27,0,0
647,0,349,901,1424,0.43915,20,50,124,410,319,252,49,26,0,0
648,0,358,899,1424,0.439157,20,49,129,411,319,252,49,28,0,0
649,0,349,901,1424,0.439297,20,46,127,411,316,256,48,26,0,0
650,0,372,898,1424,0.440122,20,46,126,421,315,267,50,25,0,0
651,0,376,897,1424,0.440005,19,46,124,428,315,269,49,23,0,0
652,0,349,902,1424,0.439117,20,46,123,418,310,264,49,21,0,0
653,0,356,901,1424,0.437202,26,52,119,410,319,260,48,23,0,0
654,0,395,892,1424,0.434758,29,56,121,420,328,263,48,22,0,0
655,0,419,886,1424,0.435914,27,55,126,422,335,268,51,21,0,0
656,0,407,888,1424,0.435751,29,55,122,421,327,267,53,21,0,0
657,0,391,891,1424,0.435785,26,55,125,417,321,265,51,22,0,0
658,0,380,893,1424,0.434402,26,58,127,408,321,262,49,22,0,0
659,0,373,895,1424,0.43339,30,55,130,408,313,261,49,22,0,0
660,0,368,895,1424,0.434272,27,55,130,411,303,265,51,21,0,0
661,0,388,891,1424,0.43425,26,55,127,419,320,260,51,21,0,0
662,0,362,898,1424,0.434669,26,54,124,411,318,256,50,21,0,0
663,0,359,899,1424,0.436326,25,49,122,416,314,258,54,20,0,0
664,0,358,899,1424,0.436515,26,48,120,418,308,265,52,20,0,0
665,0,355,901,1424,0.43821,24,48,117,414,313,269,52,19,0,0
666,0,360,901,1424,0.437367,24,50,115,417,322,264,50,19,0,0
667,0,365,900,1424,0.438208,24,49,118,414,324,264,53,19,0,0
668,0,366,902,1424,0.439936,22,49,116,415,319,276,52,19,0,0
669,0,363,903,1424,0.440463,23,49,112,414,319,276,54,19,0,0
670,0,393,896,1424,0.441021,23,48,116,418,325,286,55,18,0,0
671,0,368,900,1424,0.44019,23,49,115,413,314,283,53,18,0,0
672,0,358,902,1424,0.439157,23,49,118,412,306,283,51,18,0,0
673,0,359,902,1424,0.439475,23,50,119,408,310,279,54,18,0,0
674,0,367,901,1424,0.439396,23,49,124,404,320,275,55,18,0,0
675,0,362,902,1424,0.440738,23,49,124,396,316,280,56,20,0,0
676,0,404,894,1424,0.440386,23,49,127,412,327,284,56,20,0,0
677,0,402,895,1424,0.442017,23,48,136,399,324,284,61,22,0,0
678,0,415,892,1424,0.44069,22,51,136,404,333,279,60,22,0,0
679,0,423,890,1424,0.439857,22,57,133,402,336,285,57,21,0,0
680,0,435,886,1424,0.440232,23,55,134,406,335,289,59,20,0,0
681,0,431,888,1424,0.438989,22,54,139,409,333,285,57,20,0,0
682,0,438,884,1424,0.438665,21,61,141,399,332,288,60,20,0,0
683,0,443,884,1424,0.439608,21,59,143,398,338,286,56,26,0,0
684,0,439,884,1424,0.439241,23,59,144,395,328,293,56,25,0,0
685,0,430,888,1424,0.441298,22,57,145,390,321,300,55,28,0,0
686,0,421,891,1424,0.44082,23,55,146,388,318,301,54,27,0,0
687,0,422,892,1424,0.439421,23,57,146,387,318,307,52,24,0,0
688,0,412,893,1424,0.438142,23,56,142,389,324,298,51,22,0,0
689,0,414,892,1424,0.440915,24,55,134,384,333,298,53,25,0,0
690,0,405,893,1424,0.440184,24,60,133,377,330,295,54,25,0,0
691,0,433,887,1424,0.439772,25,61,135,383,335,302,53,26,0,0
692,0,424,889,1424,0.440079,24,61,135,383,328,304,50,28,0,0
693,0,436,887,1424,0.438085,28,64,138,382,328,304,53,26,0,0
694,0,429,890,1424,0.438892,27,59,136,394,324,298,55,26,0,0
695,0,435,890,1424,0.438482,30,60,131,397,328,298,55,26,0,0
696,0,444,883,1424,0.440263,30,58,132,397,321,304,60,25,0,0
697,0,424,885,1424,0.439312,29,58,133,394,315,297,57,26,0,0
698,0,426,885,1424,0.43935,26,58,129,404,318,298,54,24,0,0
699,0,432,886,1424,0.439258,25,56,130,412,318,302,53,22,0,0
700,0,425,890,1424,0.438331,25,55,133,414,314,300,52,22,0,0
701,0,425,890,1424,0.439136,28,51,133,408,325,294,54,22,0,0
702,0,396,892,1424,0.4384,27,50,129,410,308,291,52,21,0,0
703,0,396,891,1424,0.44047,26,46,128,406,315,294,51,21,0,0
704,0,393,891,1424,0.438362,28,48,128,407,312,293,48,20,0,0
705,0,398,890,1424,0.437181,29,50,131,401,317,294,46,20,0,0
706,0,392,894,1424,0.43735,28,49,126,413,311,295,45,19,0,0
707,0,386,898,1424,0.438939,26,49,128,407,310,297,45,22,0,0
708,0,369,901,1424,0.440869,25,48,126,395,305,304,45,22,0,0
709,0,367,901,1424,0.44257,25,47,124,391,305,306,45,25,0,0
710,0,361,904,1424,0.441583,26,46,123,394,309,299,43,25,0,0
711,0,387,899,1424,0.442036,25,43,124,403,325,300,41,25,0,0
712,0,371,904,1424,0.441978,25,43,118,407,323,293,41,25,0,0
713,0,385,903,1424,0.442224,25,43,120,406,327,303,41,23,0,0
714,0,399,899,1424,0.442461,23,45,127,401,332,306,41,23,0,0
715,0,382,901,1424,0.440401,21,45,131,400,328,298,40,20,0,0
716,0,377,904,1424,0.441075,21,44,128,402,325,301,40,20,0,0
717,0,398,901,1424,0.440435,22,48,129,402,337,296,45,20,0,0
718,0,396,903,1424,0.440126,21,47,133,406,333,293,46,20,0,0
719,0,406,901,1424,0.440669,20,50,132,403,336,302,44,20,0,0
720,0,425,895,1424,0.440459,23,50,130,411,333,304,46,23,0,0
721,0,408,897,1424,0.439585,22,52,131,401,333,299,46,21,0,0
722,0,396,901,1424,0.439425,22,51,130,401,330,298,44,21,0,0
723,0,381,905,1424,0.440934,23,48,130,393,322,302,48,20,0,0
724,0,380,906,1424,0.439307,26,46,137,390,318,303,47,19,0,0
725,0,396,902,1424,0.439995,25,45,141,390,318,313,48,18,0,0
726,0,386,900,1424,0.440657,23,44,139,382,329,305,47,17,0,0
727,0,394,899,1424,0.441859,22,42,143,386,320,313,50,17,0,0
728,0,379,901,1424,0.444691,21,41,138,380,316,314,47,23,0,0
729,0,383,899,1424,0.442872,24,43,136,378,320,314,46,21,0,0
730,0,386,899,1424,0.442695,23,43,134,382,325,313,45,20,0,0
731,0,376,900,1424,0.441086,23,42,132,388,322,309,42,18,0,0
732,0,373,903,1424,0.439576,22,41,139,391,322,304,39,18,0,0
733,0,394,900,1424,0.441607,22,40,141,384,333,316,41,17,0,0
734,0,372,903,1424,0.441655,22,38,139,384,320,315,40,17,0,0
735,0,402,896,1424,0.442349,23,40,135,390,330,322,41,17,0,0
736,0,402,897,1424,0.442477,23,39,138,392,329,317,44,17,0,0
737,0,402,897,1424,0.442542,22,41,135,398,322,320,42,19,0,0
738,0,405,895,1424,0.44072,23,40,136,403,326,312,41,19,0,0
739,0,398,895,1424,0.442051,23,41,136,390,329,311,44,19,0,0
740,0,400,895,1424,0.440195,27,41,139,386,324,319,43,16,0,0
741,0,389,896,1424,0.43974,26,39,140,387,318,322,38,15,0,0
742,0,376,900,1424,0.440892,25,36,138,388,313,323,38,15,0,0
743,0,388,898,1424,0.442845,25,35,140,384,316,331,37,18,0,0
744,0,376,902,1424,0.442937,24,34,139,384,316,326,38,17,0,0
745,0,347,907,1424,0.440954,23,32,144,383,307,311,38,16,0,0
746,0,347,906,1424,0.440767,23,35,143,379,305,314,38,16,0,0
747,0,343,906,1424,0.440356,24,34,140,383,302,314,36,16,0,0
748,0,337,909,1424,0.438587,24,34,144,388,298,306,36,16,0,0
749,0,338,910,1424,0.43866,23,34,140,397,301,301,36,16,0,0
750,0,356,908,1424,0.438289,22,38,146,398,303,302,35,20,0,0
751,0,360,906,1424,0.437442,22,37,148,404,307,291,35,22,0,0
752,0,355,908,1424,0.438678,22,35,146,403,305,295,35,22,0,0
753,0,363,906,1424,0.435956,25,39,143,412,303,292,34,21,0,0
754,0,365,905,1424,0.435342,27,38,139,418,299,296,34,19,0,0
755,0,361,906,1424,0.434607,27,39,134,426,298,289,35,19,0,0
756,0,375,904,1424,0.433657,26,42,135,435,298,287,38,18,0,0
757,0,388,900,1424,0.434532,25,41,135,441,301,287,38,20,0,0
758,0,399,900,1424,0.435615,24,41,134,445,306,288,41,20,0,0
759,0,443,891,1424,0.435012,24,40,139,465,315,288,43,20,0,0
760,0,412,896,1424,0.434111,22,42,134,461,308,279,44,18,0,0
761,0,416,896,1424,0.433323,22,45,136,460,306,281,44,18,0,0
762,0,432,892,1424,0.432871,26,45,137,458,312,282,47,17,0,0
763,0,415,897,1424,0.432773,25,44,135,457,309,279,46,17,0,0
764,0,421,897,1424,0.433348,24,44,139,459,302,287,46,17,0,0
765,0,427,894,1424,0.433446,24,44,146,449,306,291,45,16,0,0
766,0,424,895,1424,0.432412,26,43,149,449,302,290,44,16,0,0
767,0,411,897,1424,0.434354,27,41,147,432,307,291,47,16,0,0
768,0,387,899,1424,0.433855,28,41,146,423,295,291,47,15,0,0
769,0,396,897,1424,0.431575,28,46,156,422,288,291,46,16,0,0
770,0,410,895,1424,0.431287,27,51,159,423,289,291,46,19,0,0
771,0,413,893,1424,0.431298,25,50,158,428,293,290,43,19,0,0
772,0,391,897,1424,0.431381,23,49,157,425,292,282,40,20,0,0
773,0,396,895,1424,0.431144,22,48,153,437,292,281,39,19,0,0
774,0,375,900,1424,0.432228,22,44,150,431,297,272,40,19,0,0
775,0,376,899,1424,0.430477,22,45,146,439,301,265,41,16,0,0
776,0,357,901,1424,0.431575,20,43,140,440,298,261,40,16,0,0
777,0,332,905,1424,0.432769,19,41,138,428,297,257,42,15,0,0
778,0,352,901,1424,0.433117,22,41,139,424,305,265,41,16,0,0
779,0,342,903,1424,0.43453,21,40,134,424,306,261,43,16,0,0
780,0,360,900,1424,0.433031,24,39,138,428,314,259,43,15,0,0
781,0,384,897,1424,0.432781,26,46,134,435,311,268,43,18,0,0
782,0,380,898,1424,0.43161,25,52,131,428,315,269,40,18,0,0
783,0,386,897,1424,0.43184,23,53,132,432,310,277,39,17,0,0
784,0,401,894,1424,0.43134,26,53,135,427,319,276,43,16,0,0
785,0,378,897,1424,0.432474,26,49,133,419,317,272,43,16,0,0
786,0,369,901,1424,0.432657,26,47,135,418,313,271,45,15,0,0
787,0,389,897,1424,0.434062,24,46,138,416,323,281,43,15,0,0
788,0,412,891,1424,0.435707,23,44,137,424,327,290,42,16,0,0
789,0,429,886,1424,0.434228,23,42,141,435,331,287,41,15,0,0
790,0,437,883,1424,0.433096,22,39,149,442,332,280,41,15,0,0
791,0,436,884,1424,0.434665,21,39,151,435,333,282,43,16,0,0
792,0,421,888,1424,0.434199,21,39,150,432,330,280,42,15,0,0
793,0,428,886,1424,0.43571,20,37,148,431,338,283,42,15,0,0
794,0,401,892,1424,0.435094,19,37,148,424,334,275,41,15,0,0
795,0,400,892,1424,0.434507,21,39,141,427,337,269,42,16,0,0
796,0,405,893,1424,0.43574,21,38,138,429,340,272,44,16,0,0
797,0,390,896,1424,0.43542,22,36,135,433,328,275,41,16,0,0
798,0,393,895,1424,0.436535,22,36,136,430,325,280,43,16,0,0
799,0,388,895,1424,0.436724,21,37,135,428,320,284,42,16,0,0
800,0,403,892,1424,0.434377,23,40,136,436,322,280,43,15,0,0
801,0,418,889,1424,0.434833,23,41,139,435,322,290,42,15,0,0
802,0,418,891,1424,0.437398,22,42,135,432,319,297,44,18,0,0
803,0,420,891,1424,0.439813,22,40,133,426,327,297,45,21,0,0
804,0,431,887,1424,0.440135,22,39,131,434,331,292,47,22,0,0
805,0,448,886,1424,0.4391,21,37,140,449,329,288,48,22,0,0
806,0,470,883,1424,0.438566,22,39,144,445,341,295,46,21,0,0
807,0,474,883,1424,0.438842,21,39,140,451,344,298,44,20,0,0
808,0,488,879,1424,0.439139,21,39,142,454,346,302,44,19,0,0
809,0,494,877,1424,0.437747,21,40,142,466,340,298,47,17,0,0
810,0,486,873,1424,0.436319,21,41,145,456,343,288,48,17,0,0
811,0,495,871,1424,0.436096,19,39,150,465,340,291,45,17,0,0
812,0,494,871,1424,0.435667,19,39,150,463,344,288,46,16,0,0
813,0,485,873,1424,0.437395,18,39,146,460,347,282,49,17,0,0
814,0,477,876,1424,0.438435,19,38,148,448,344,289,50,17,0,0
815,0,455,881,1424,0.437073,22,38,143,450,333,284,49,17,0,0
816,0,450,883,1424,0.437533,22,37,143,452,331,276,56,16,0,0
817,0,467,878,1424,0.43703,25,39,138,464,323,283,58,15,0,0
818,0,433,885,1424,0.438595,22,38,132,459,312,284,56,15,0,0
819,0,415,886,1424,0.441133,21,34,128,451,306,290,55,16,0,0
820,0,425,884,1424,0.441023,21,33,128,461,304,293,53,16,0,0
821,0,409,887,1424,0.439263,21,33,132,457,304,284,49,16,0,0
822,0,401,892,1424,0.4396,21,33,133,458,299,279,52,18,0,0
823,0,424,888,1424,0.439641,21,34,136,464,304,281,54,18,0,0
824,0,433,887,1424,0.437635,24,36,141,464,305,277,55,18,0,0
825,0,437,883,1424,0.4371,23,36,149,461,309,269,53,20,0,0
826,0,427,885,1424,0.436612,23,39,146,460,302,268,54,20,0,0
827,0,405,890,1424,0.436911,23,36,142,460,297,264,53,20,0,0
828,0,425,884,1424,0.437265,21,38,143,465,300,269,54,19,0,0
829,0,411,886,1424,0.437912,21,36,143,459,301,266,51,20,0,0
830,0,403,887,1424,0.437357,20,34,148,458,296,263,52,19,0,0
831,0,391,889,1424,0.43625,20,34,155,446,296,261,49,19,0,0
832,0,391,889,1424,0.437652,20,36,152,442,300,257,48,25,0,0
833,0,381,893,1424,0.437796,20,34,153,441,296,256,50,24,0,0
834,0,374,896,1424,0.438597,20,34,146,440,296,260,50,24,0,0
835,0,350,899,1424,0.439428,20,30,138,441,291,257,49,23,0,0
836,0,373,894,1424,0.438314,19,29,140,458,294,258,48,21,0,0
837,0,389,892,1424,0.436801,19,28,148,464,299,254,49,20,0,0
838,0,405,888,1424,0.435611,19,28,153,468,307,251,48,19,0,0
839,0,387,891,1424,0.437182,19,27,146,464,302,249,52,19,0,0
840,0,367,896,1424,0.437126,18,28,143,454,309,242,50,19,0,0
841,0,372,896,1424,0.43707,19,28,137,464,306,247,49,18,0,0
842,0,362,896,1424,0.436638,19,28,137,461,301,247,49,16,0,0
843,0,352,900,1424,0.436405,19,28,136,458,302,247,46,16,0,0
844,0,371,899,1424,0.437712,18,28,135,465,307,252,49,16,0,0
845,0,366,900,1424,0.438574,18,28,129,466,311,250,47,17,0,0
846,0,383,898,1424,0.438774,20,31,127,470,312,252,52,17,0,0
847,0,394,894,1424,0.439488,20,29,126,473,314,257,52,17,0,0
848,0,399,894,1424,0.439562,19,28,127,477,321,253,52,16,0,0
849,0,397,894,1424,0.440012,19,28,126,472,325,252,52,17,0,0
850,0,383,897,1424,0.440655,19,28,121,471,322,249,52,18,0,0
851,0,405,892,1424,0.441115,18,34,124,470,320,261,49,21,0,0
852,0,413,892,1424,0.440123,18,33,133,471,320,263,46,21,0,0
853,0,415,890,1424,0.440149,19,32,132,476,312,266,47,21,0,0
854,0,396,891,1424,0.441331,19,31,126,465,310,272,43,21,0,0
855,0,384,893,1424,0.443071,19,29,122,457,317,264,44,25,0,0
856,0,379,895,1424,0.442948,19,29,120,454,322,264,42,24,0,0
857,0,371,898,1424,0.443072,17,29,121,452,321,264,41,24,0,0
858,0,353,903,1424,0.442316,17,28,127,445,315,259,41,24,0,0
859,0,351,901,1424,0.440406,17,29,132,440,327,243,41,23,0,0
860,0,356,900,1424,0.438665,16,32,130,452,323,241,40,22,0,0
861,0,346,901,1424,0.438359,19,31,128,442,326,241,39,21,0,0
862,0,349,901,1424,0.43859,19,33,128,444,327,231,44,24,0,0
863,0,364,899,1424,0.439357,19,32,127,450,333,235,43,24,0,0
864,0,373,899,1424,0.440078,18,31,126,455,334,243,42,23,0,0
865,0,373,898,1424,0.438341,21,30,131,455,329,241,42,22,0,0
866,0,373,898,1424,0.435208,24,29,136,456,327,238,40,21,0,0
867,0,357,900,1424,0.434831,23,30,135,450,325,236,37,21,0,0
868,0,340,905,1424,0.43484,23,30,134,443,323,232,39,21,0,0
869,0,333,906,1424,0.432824,25,31,132,446,319,227,39,20,0,0
870,0,350,904,1424,0.430793,25,33,139,455,319,225,38,20,0,0
871,0,387,896,1424,0.432976,25,33,142,457,327,236,40,23,0,0
872,0,389,896,1424,0.432721,25,33,145,459,322,239,40,22,0,0
873,0,407,894,1424,0.431971,24,34,149,467,325,240,40,22,0,0
874,0,426,887,1424,0.432336,22,32,151,474,333,240,39,22,0,0
875,0,410,891,1424,0.433211,21,32,145,473,332,236,39,23,0,0
876,0,431,887,1424,0.435598,21,31,140,481,335,241,43,26,0,0
877,0,434,887,1424,0.43511,20,31,141,486,337,236,46,24,0,0
878,0,418,890,1424,0.433504,19,32,141,492,328,224,48,24,0,0
879,0,425,887,1424,0.433678,19,32,140,497,328,221,52,23,0,0
880,0,424,887,1424,0.435117,18,32,136,494,336,218,55,22,0,0
881,0,416,888,1424,0.434672,18,32,133,496,331,219,54,21,0,0
882,0,389,893,1424,0.434152,20,33,131,484,325,214,52,23,0,0
883,0,414,888,1424,0.433618,20,36,132,489,336,214,52,23,0,0
884,0,397,890,1424,0.433926,20,36,131,480,336,209,52,23,0,0
885,0,392,890,1424,0.433895,20,35,137,469,337,212,50,22,0,0
886,0,392,889,1424,0.435398,18,34,131,470,341,218,49,20,0,0
887,0,386,890,1424,0.435287,18,34,128,474,338,215,49,20,0,0
888,0,415,882,1424,0.4365,18,33,128,476,351,219,52,20,0,0
889,0,424,880,1424,0.435564,19,33,133,481,352,212,52,22,0,0
890,0,417,880,1424,0.43568,22,33,128,473,354,210,55,22,0,0
891,0,414,881,1424,0.436467,20,32,129,473,357,208,54,22,0,0
892,0,425,878,1424,0.435752,19,35,132,474,364,202,56,21,0,0
893,0,425,882,1424,0.434946,19,36,137,465,377,198,54,21,0,0
894,0,417,882,1424,0.432239,19,36,147,460,370,197,51,19,0,0
895,0,432,881,1424,0.432231,19,34,151,470,365,202,53,19,0,0
896,0,422,882,1424,0.434533,19,34,146,467,359,200,57,22,0,0
897,0,425,883,1424,0.43423,22,34,147,460,361,204,58,22,0,0
898,0,431,883,1424,0.434751,22,34,150,460,358,207,59,24,0,0
899,0,415,885,1424,0.434411,21,39,145,453,350,212,57,23,0,0
900,0,404,886,1424,0.435464,21,40,143,444,349,212,58,23,0,0
901,0,435,879,1424,0.433397,21,44,143,465,349,212,56,24,0,0
902,0,443,878,1424,0.434216,20,43,138,474,352,216,54,24,0,0
903,0,452,877,1424,0.431629,21,47,138,482,354,211,54,22,0,0
904,0,464,874,1424,0.430473,21,46,149,480,357,212,51,22,0,0
905,0,437,879,1424,0.433096,19,42,145,471,349,217,50,23,0,0
906,0,429,881,1424,0.434319,19,40,138,470,354,216,50,23,0,0
907,0,416,883,1424,0.434139,19,39,137,470,343,219,50,22,0,0
908,0,409,885,1424,0.433629,20,40,139,462,338,227,47,21,0,0
909,0,402,887,1424,0.434366,20,39,134,459,343,224,49,21,0,0
910,0,396,891,1424,0.434466,20,37,134,460,344,222,49,21,0,0
911,0,390,891,1424,0.436462,20,36,132,449,345,232,48,19,0,0
912,0,394,890,1424,0.437687,19,34,131,457,345,227,49,22,0,0
913,0,388,893,1424,0.436203,18,36,128,466,344,218,51,20,0,0
914,0,433,885,1424,0.435942,18,39,137,471,358,219,57,19,0,0
915,0,427,886,1424,0.436252,18,38,133,475,353,222,56,18,0,0
916,0,422,888,1424,0.436119,17,38,131,476,354,222,54,18,0,0
917,0,419,887,1424,0.435403,15,38,134,474,356,218,54,17,0,0
918,0,412,890,1424,0.436505,15,36,135,465,359,220,55,17,0,0
919,0,417,891,1424,0.437486,15,36,136,458,363,227,56,17,0,0
920,0,421,889,1424,0.437776,15,36,132,455,378,223,55,16,0,0
921,0,401,892,1424,0.437289,15,36,126,455,372,221,53,15,0,0
922,0,399,893,1424,0.437524,15,36,127,457,366,220,56,15,0,0
923,0,414,889,1424,0.434709,18,42,125,462,368,220,53,15,0,0
924,0,408,888,1424,0.434666,17,40,125,464,370,214,51,15,0,0
925,0,434,881,1424,0.435441,15,38,123,480,381,214,50,14,0,0
926,0,462,875,1424,0.436255,15,41,125,473,402,217,49,15,0,0
927,0,457,878,1424,0.438231,14,40,124,472,394,223,53,15,0,0
928,0,436,884,1424,0.437028,14,40,126,465,392,218,50,15,0,0
929,0,425,886,1424,0.437541,14,39,129,462,384,213,55,15,0,0
930,0,428,886,1424,0.436617,17,38,129,468,382,208,55,17,0,0
931,0,431,887,1424,0.435929,17,38,130,470,386,207,53,17,0,0
932,0,417,890,1424,0.435924,16,36,128,469,387,204,50,17,0,0
933,0,425,889,1424,0.436711,17,36,129,465,391,208,48,20,0,0
934,0,424,889,1424,0.435168,17,39,126,469,389,208,46,19,0,0
935,0,402,891,1424,0.436301,17,39,123,452,387,211,45,19,0,0
936,0,402,893,1424,0.436834,16,38,125,453,385,211,49,18,0,0
937,0,402,892,1424,0.436308,16,44,123,447,381,213,52,18,0,0
938,0,398,893,1424,0.43728,15,43,122,445,385,210,53,18,0,0
939,0,381,895,1424,0.436636,15,42,122,441,377,213,52,14,0,0
940,0,376,898,1424,0.436568,15,42,120,443,378,211,51,14,0,0
941,0,389,896,1424,0.437167,15,45,118,446,377,218,52,14,0,0
942,0,392,895,1424,0.43519,15,44,126,449,374,215,51,13,0,0
943,0,370,896,1424,0.434776,15,44,128,443,364,205,51,16,0,0
944,0,375,896,1424,0.433682,15,45,132,442,366,204,51,16,0,0
945,0,381,895,1424,0.43063,17,44,138,447,369,199,48,14,0,0
946,0,380,892,1424,0.430397,16,44,136,449,377,190,46,14,0,0
947,0,401,887,1424,0.43119,15,42,132,459,397,184,45,14,0,0
948,0,418,883,1424,0.429758,15,41,134,475,398,180,44,14,0,0
949,0,429,881,1424,0.429795,15,44,130,478,399,186,44,14,0,0
950,0,422,882,1424,0.427855,15,48,133,472,398,183,41,14,0,0
951,0,429,883,1424,0.428332,15,48,129,478,400,185,43,14,0,0
952,0,417,888,1424,0.429293,15,45,128,477,397,184,45,14,0,0
953,0,402,890,1424,0.428406,14,42,130,478,392,180,42,14,0,0
954,0,402,890,1424,0.428825,14,42,127,485,384,182,44,14,0,0
955,0,394,892,1424,0.430189,14,41,122,488,378,181,44,18,0,0
956,0,379,895,1424,0.430603,14,41,119,486,374,178,44,18,0,0
957,0,392,894,1424,0.429642,14,46,117,489,380,179,44,17,0,0
958,0,400,893,1424,0.431799,14,48,122,477,382,182,46,22,0,0
959,0,386,898,1424,0.433368,14,46,123,472,376,183,45,25,0,0
960,0,375,901,1424,0.434244,14,47,118,465,373,190,47,22,0,0
961,0,360,903,1424,0.434306,14,45,117,457,371,192,49,18,0,0
962,0,379,898,1424,0.434335,14,47,119,456,380,194,49,18,0,0
963,0,391,897,1424,0.435464,14,47,119,458,380,202,47,21,0,0
964,0,399,895,1424,0.435476,14,46,117,461,384,209,45,18,0,0
965,0,390,898,1424,0.435625,14,46,115,457,384,212,44,16,0,0
966,0,384,897,1424,0.433773,14,49,123,448,380,208,44,15,0,0
967,0,394,897,1424,0.435206,14,49,121,445,397,202,47,16,0,0
968,0,383,899,1424,0.434592,14,48,120,444,395,197,49,15,0,0
969,0,390,897,1424,0.434663,13,47,123,447,395,198,49,15,0,0
970,0,395,897,1424,0.434104,16,45,121,455,391,198,52,14,0,0
971,0,411,895,1424,0.433503,16,44,123,468,391,200,50,14,0,0
972,0,388,900,1424,0.433936,16,44,119,464,382,198,50,15,0,0
973,0,406,896,1424,0.434126,15,43,113,480,394,193,49,15,0,0
974,0,421,892,1424,0.433477,16,45,108,490,399,192,48,15,0,0
975,0,407,894,1424,0.432115,16,45,107,491,395,188,44,15,0,0
976,0,416,891,1424,0.431207,16,45,109,497,395,188,43,14,0,0
977,0,416,892,1424,0.431379,16,44,108,499,396,189,42,14,0,0
978,0,428,888,1424,0.431135,16,50,108,493,401,192,42,14,0,0
979,0,419,888,1424,0.429405,17,49,111,494,390,193,40,13,0,0
980,0,419,889,1424,0.430159,17,49,115,484,393,193,44,13,0,0
981,0,393,894,1424,0.430871,17,43,117,478,386,188,45,13,0,0
982,0,404,892,1424,0.432829,17,42,118,470,391,200,45,13,0,0
983,0,430,886,1424,0.433616,17,44,112,478,392,215,45,13,0,0
984,0,448,881,1424,0.436251,17,42,110,484,388,225,48,15,0,0
985,0,447,881,1424,0.435327,17,39,112,497,381,218,49,15,0,0
986,0,458,880,1424,0.434281,18,39,113,500,386,220,47,15,0,0
987,0,461,881,1424,0.434634,18,40,114,497,386,222,51,14,0,0
988,0,464,881,1424,0.43412,18,41,115,499,390,218,48,16,0,0
989,0,480,879,1424,0.434683,18,41,114,509,389,220,52,16,0,0
990,0,474,881,1424,0.434885,18,41,113,509,387,217,56,14,0,0
991,0,471,880,1424,0.434454,18,41,116,502,386,223,52,13,0,0
992,0,446,884,1424,0.434582,18,40,109,498,383,220,50,12,0,0
993,0,435,886,1424,0.433108,21,38,109,499,382,210,50,12,0,0
994,0,435,888,1424,0.434047,21,38,104,501,381,217,49,12,0,0
995,0,446,886,1424,0.435421,21,37,105,500,385,221,48,15,0,0
996,0,454,885,1424,0.434916,21,40,105,497,393,220,49,14,0,0
997,0,466,882,1424,0.433738,24,42,108,495,396,218,52,13,0,0
998,0,477,881,1424,0.4334,24,41,108,501,404,216,51,13,0,0
999,0,488,877,1424,0.431594,24,41,115,503,408,214,49,11,0,0
