update,bacteria_pop,phage_pop,lysogen_pop,arbitrium,mean_lysogeny_rate,Hist_0.0,Hist_0.1,Hist_0.2,Hist_0.3,Hist_0.4,Hist_0.5,Hist_0.6,Hist_0.7,Hist_0.8,Hist_0.9
0,1000,100,0,2,0.486226,5,4,12,16,24,22,10,5,1,1
1,988,102,8,14,0.478579,7,4,12,18,27,25,10,5,1,1
2,980,103,13,22,0.474158,7,4,15,17,30,27,10,5,0,1
3,974,114,14,28,0.483592,5,4,15,20,35,33,10,5,0,1
4,965,130,17,38,0.464326,5,10,18,25,35,38,10,5,0,1
5,960,137,19,44,0.462018,4,13,19,25,38,41,10,5,0,1
6,954,143,23,52,0.466822,4,13,18,28,40,47,10,5,0,1
7,944,162,27,64,0.464374,4,19,18,28,48,56,10,5,0,1
8,937,171,30,73,0.459363,4,22,20,32,46,61,10,5,0,1
9,932,172,35,81,0.462496,4,22,19,31,49,66,10,5,0,1
10,924,181,40,92,0.454099,4,27,25,30,50,69,10,5,0,1
11,915,200,43,104,0.448636,4,29,32,36,52,74,10,5,0,1
12,900,215,51,122,0.43507,4,41,39,34,54,78,10,5,0,1
13,888,225,58,138,0.431733,7,43,40,35,57,86,10,4,0,1
14,873,243,67,157,0.42976,7,46,48,37,66,91,10,4,0,1
15,854,278,75,181,0.416852,7,58,68,40,63,102,10,4,0,1
16,840,272,86,201,0.398783,7,76,65,43,59,94,9,4,0,1
17,826,288,96,221,0.393083,7,90,68,45,58,102,9,4,0,1
18,820,295,102,233,0.38572,7,98,73,48,58,99,9,4,0,1
19,807,319,107,252,0.380545,7,110,85,47,59,104,9,4,0,1
20,797,335,113,268,0.374428,7,124,90,46,62,105,9,4,0,1
21,785,368,118,287,0.371354,7,136,105,46,64,114,9,4,0,1
22,770,393,126,309,0.362875,7,161,105,51,64,117,9,4,0,1
23,762,420,129,325,0.362405,7,170,114,53,69,121,10,4,0,1
24,750,447,135,345,0.358926,7,180,127,56,79,118,10,4,0,1
25,726,475,149,377,0.354881,13,196,133,57,82,128,10,4,0,1
26,714,508,155,398,0.350311,16,209,149,60,85,129,10,4,0,1
27,693,536,167,428,0.3403,18,237,162,60,87,124,10,4,0,1
28,667,562,182,463,0.330967,19,269,171,61,88,121,10,4,0,1
29,643,614,191,497,0.325712,19,314,178,59,90,130,10,4,0,1
30,620,664,201,530,0.321516,21,346,187,70,93,130,10,7,0,1
31,602,711,210,559,0.317661,24,376,192,79,94,139,10,6,0,1
32,574,757,225,598,0.312492,30,413,203,78,95,146,10,6,0,1
33,551,798,238,632,0.309844,31,446,215,80,94,152,11,6,0,1
34,538,822,248,656,0.305693,31,470,224,84,93,150,11,6,0,1
35,508,867,264,697,0.302315,37,509,222,92,95,154,15,6,0,1
36,502,879,272,714,0.299363,42,528,217,92,96,154,15,6,0,1
37,482,901,287,745,0.296821,46,554,217,97,95,157,15,6,0,1
38,462,930,299,776,0.294093,50,581,224,96,104,151,15,7,0,1
39,433,959,319,816,0.292312,52,612,232,94,113,154,13,7,0,1
40,416,978,332,843,0.291752,59,624,233,99,117,156,13,7,0,2
41,395,1007,344,874,0.290548,64,643,240,99,120,163,13,7,0,2
42,376,1020,361,903,0.289439,66,665,234,106,121,168,12,7,0,2
43,341,1048,384,947,0.285949,71,707,231,114,118,168,14,7,0,2
44,317,1082,398,980,0.282685,74,739,245,113,121,165,14,7,0,2
45,304,1059,418,1002,0.282011,70,741,248,111,124,161,13,7,0,2
46,277,1086,434,1037,0.279814,73,775,248,114,126,162,13,7,0,2
47,266,1076,449,1056,0.279706,72,784,245,111,132,159,13,7,0,2
48,251,1058,467,1078,0.281261,75,770,253,109,135,161,13,7,0,2
49,239,1045,483,1097,0.282426,74,767,257,108,137,163,13,7,0,2
50,231,1020,500,1111,0.283519,69,761,264,104,136,164,13,7,0,2
51,214,987,520,1134,0.285969,69,748,261,101,135,170,13,8,0,2
52,203,964,534,1150,0.285065,79,734,260,97,134,170,13,9,0,2
53,193,936,552,1165,0.286455,76,724,260,101,136,167,13,9,0,2
54,179,918,569,1183,0.28604,75,728,256,100,138,166,13,9,0,2
55,168,882,588,1198,0.28792,80,703,254,101,136,172,13,9,0,2
56,158,874,603,1212,0.290779,74,705,255,104,138,176,13,9,0,3
57,148,849,618,1225,0.29353,74,688,257,100,140,183,13,9,0,3
58,148,801,632,1228,0.297083,71,660,250,100,141,185,14,9,0,3
59,140,782,645,1239,0.299506,69,658,239,98,148,189,14,9,0,3
60,138,738,658,1244,0.302081,66,635,234,96,152,187,14,9,0,3
61,130,701,674,1254,0.306827,62,610,235,94,156,191,15,9,0,3
62,128,649,689,1258,0.312139,55,580,233,91,159,193,15,9,0,3
63,123,621,702,1265,0.315075,49,565,239,91,160,193,14,9,0,3
64,116,601,716,1274,0.317061,46,557,245,89,161,192,14,10,0,3
65,113,570,728,1278,0.320424,46,532,246,91,162,194,14,10,0,3
66,107,546,741,1285,0.324529,40,519,246,93,166,196,14,10,0,3
67,103,514,752,1290,0.327147,39,502,243,94,164,196,14,11,0,3
68,98,496,763,1296,0.327837,36,502,239,91,168,195,14,11,0,3
69,93,458,774,1302,0.33185,31,483,235,91,169,194,14,12,0,3
70,92,409,784,1304,0.336241,28,456,227,90,171,192,14,12,0,3
71,91,378,795,1306,0.339662,25,442,221,90,173,193,14,12,0,3
72,88,354,805,1310,0.342846,20,433,219,89,171,198,14,12,0,3
73,87,325,814,1311,0.346434,18,414,221,88,169,200,14,12,0,3
74,87,302,822,1311,0.349564,16,402,218,87,170,202,14,12,0,3
75,85,283,829,1313,0.352131,15,391,214,89,171,203,14,12,0,3
76,82,272,836,1316,0.355073,15,382,212,91,172,206,15,12,0,3
77,80,257,842,1318,0.356833,14,376,209,90,172,209,15,11,0,3
78,77,240,849,1321,0.358715,14,367,206,90,172,211,15,11,0,3
79,76,224,855,1322,0.359825,17,355,206,89,173,210,15,11,0,3
80,74,215,860,1324,0.36179,16,346,208,92,173,211,15,11,0,3
81,73,194,865,1325,0.364147,14,337,205,90,173,211,15,11,0,3
82,71,175,871,1327,0.367159,10,327,207,89,173,211,15,11,0,3
83,70,160,876,1328,0.368484,10,319,207,88,173,210,15,11,0,3
84,70,144,880,1328,0.370661,9,310,205,88,173,210,15,11,0,3
85,69,132,884,1329,0.372639,9,299,206,91,172,210,15,11,0,3
86,67,122,889,1331,0.375007,8,290,211,90,172,210,15,11,0,4
87,67,109,892,1331,0.377932,6,281,210,90,172,212,15,11,0,4
88,66,100,895,1332,0.379643,5,276,210,89,173,211,16,11,0,4
89,65,93,898,1333,0.381335,5,270,210,89,174,212,16,11,0,4
90,65,81,901,1333,0.383477,4,264,208,88,174,213,16,11,0,4
91,62,81,905,1336,0.382989,4,267,208,88,174,214,16,11,0,4
92,62,76,907,1336,0.384064,4,263,208,88,174,215,16,11,0,4
93,61,69,910,1337,0.385299,4,259,206,88,175,216,16,11,0,4
94,60,64,913,1338,0.385762,4,258,205,87,175,217,16,11,0,4
95,60,57,915,1338,0.387186,4,253,204,87,175,218,16,11,0,4
96,60,51,917,1338,0.388782,4,248,204,87,174,219,17,11,0,4
97,60,45,919,1338,0.390432,3,243,204,88,174,220,17,11,0,4
98,60,41,920,1338,0.390747,2,243,203,88,173,220,17,11,0,4
99,60,36,921,1338,0.391663,1,241,202,88,173,220,17,11,0,4
100,60,34,922,1338,0.39246,1,239,202,88,173,220,18,11,0,4
101,60,29,923,1338,0.393058,1,236,202,88,172,220,18,11,0,4
102,60,28,924,1338,0.393462,1,235,202,88,173,220,18,11,0,4
103,60,26,925,1338,0.394128,1,233,202,88,173,221,18,11,0,4
104,60,24,926,1338,0.394887,1,231,202,88,173,222,18,11,0,4
105,60,24,927,1338,0.395046,1,231,202,88,174,222,18,11,0,4
106,60,21,928,1338,0.395482,1,229,202,88,174,222,18,11,0,4
107,60,19,929,1338,0.395842,1,229,200,88,174,223,18,11,0,4
108,60,19,930,1338,0.395856,1,229,200,89,174,223,18,11,0,4
109,60,17,930,1338,0.396245,1,228,199,89,174,223,18,11,0,4
110,60,16,930,1338,0.396329,1,228,198,89,174,223,18,11,0,4
111,60,15,930,1338,0.396546,1,227,198,89,174,223,18,11,0,4
112,60,15,930,1338,0.396546,1,227,198,89,174,223,18,11,0,4
113,60,14,930,1338,0.396766,1,226,198,89,174,223,18,11,0,4
114,60,13,930,1338,0.396984,1,225,198,89,174,223,18,11,0,4
115,60,11,930,1338,0.397496,1,223,198,89,174,223,18,11,0,4
116,59,12,930,1339,0.397526,1,222,200,89,174,223,18,11,0,4
117,59,10,931,1339,0.397928,1,222,198,89,174,224,18,11,0,4
118,59,10,931,1339,0.397928,1,222,198,89,174,224,18,11,0,4
119,59,9,931,1339,0.398022,1,222,197,89,174,224,18,11,0,4
120,59,8,931,1339,0.398234,1,221,197,89,174,224,18,11,0,4
121,59,8,931,1339,0.398234,1,221,197,89,174,224,18,11,0,4
122,59,5,931,1339,0.398852,1,219,196,89,174,224,18,11,0,4
123,59,5,931,1339,0.398852,1,219,196,89,174,224,18,11,0,4
124,59,4,931,1339,0.399076,1,218,196,89,174,224,18,11,0,4
125,59,4,931,1339,0.399076,1,218,196,89,174,224,18,11,0,4
126,59,2,931,1339,0.399397,1,217,195,89,174,224,18,11,0,4
127,59,2,931,1339,0.399397,1,217,195,89,174,224,18,11,0,4
128,59,2,931,1339,0.399397,1,217,195,89,174,224,18,11,0,4
129,59,2,931,1339,0.399397,1,217,195,89,174,224,18,11,0,4
130,59,2,931,1339,0.399397,1,217,195,89,174,224,18,11,0,4
131,59,2,931,1339,0.399397,1,217,195,89,174,224,18,11,0,4
132,59,2,931,1339,0.399397,1,217,195,89,174,224,18,11,0,4
133,59,2,931,1339,0.399397,1,217,195,89,174,224,18,11,0,4
134,59,2,931,1339,0.399397,1,217,195,89,174,224,18,11,0,4
135,59,1,931,1339,0.399622,1,216,195,89,174,224,18,11,0,4
136,59,1,931,1339,0.399622,1,216,195,89,174,224,18,11,0,4
137,59,1,931,1339,0.399622,1,216,195,89,174,224,18,11,0,4
138,59,1,931,1339,0.399622,1,216,195,89,174,224,18,11,0,4
139,59,1,931,1339,0.399622,1,216,195,89,174,224,18,11,0,4
140,59,1,931,1339,0.399622,1,216,195,89,174,224,18,11,0,4
141,59,1,931,1339,0.399622,1,216,195,89,174,224,18,11,0,4
142,59,1,931,1339,0.399622,1,216,195,89,174,224,18,11,0,4
143,59,1,931,1339,0.399622,1,216,195,89,174,224,18,11,0,4
144,59,1,931,1339,0.399622,1,216,195,89,174,224,18,11,0,4
145,59,1,931,1339,0.399622,1,216,195,89,174,224,18,11,0,4
146,59,1,931,1339,0.399622,1,216,195,89,174,224,18,11,0,4
147,59,1,931,1339,0.399622,1,216,195,89,174,224,18,11,0,4
148,59,1,931,1339,0.399622,1,216,195,89,174,224,18,11,0,4
149,59,1,931,1339,0.399622,1,216,195,89,174,224,18,11,0,4
150,59,1,931,1339,0.399622,1,216,195,89,174,224,18,11,0,4
151,59,1,931,1339,0.399622,1,216,195,89,174,224,18,11,0,4
152,59,1,931,1339,0.399622,1,216,195,89,174,224,18,11,0,4
153,59,1,931,1339,0.399622,1,216,195,89,174,224,18,11,0,4
154,59,1,931,1339,0.399622,1,216,195,89,174,224,18,11,0,4
155,59,1,931,1339,0.399622,1,216,195,89,174,224,18,11,0,4
156,59,1,931,1339,0.399622,1,216,195,89,174,224,18,11,0,4
157,59,1,931,1339,0.399622,1,216,195,89,174,224,18,11,0,4
158,59,1,931,1339,0.399622,1,216,195,89,174,224,18,11,0,4
159,59,1,931,1339,0.399622,1,216,195,89,174,224,18,11,0,4
160,59,1,931,1339,0.399622,1,216,195,89,174,224,18,11,0,4
161,59,1,931,1339,0.399622,1,216,195,89,174,224,18,11,0,4
162,59,1,931,1339,0.399622,1,216,195,89,174,224,18,11,0,4
163,59,1,931,1339,0.399622,1,216,195,89,174,224,18,11,0,4
164,59,1,931,1339,0.399622,1,216,195,89,174,224,18,11,0,4
165,59,0,931,1339,0.399835,1,215,195,89,174,224,18,11,0,4
166,59,0,931,1339,0.399835,1,215,195,89,174,224,18,11,0,4
167,59,0,931,1339,0.399835,1,215,195,89,174,224,18,11,0,4
168,59,0,931,1339,0.399835,1,215,195,89,174,224,18,11,0,4
169,59,0,931,1339,0.399835,1,215,195,89,174,224,18,11,0,4
170,59,0,931,1339,0.399835,1,215,195,89,174,224,18,11,0,4
171,59,0,931,1339,0.399835,1,215,195,89,174,224,18,11,0,4
172,59,0,931,1339,0.399835,1,215,195,89,174,224,18,11,0,4
173,59,0,931,1339,0.399835,1,215,195,89,174,224,18,11,0,4
174,59,0,931,1339,0.399835,1,215,195,89,174,224,18,11,0,4
175,59,0,931,1339,0.399835,1,215,195,89,174,224,18,11,0,4
176,59,0,931,1339,0.399835,1,215,195,89,174,224,18,11,0,4
177,59,0,931,1339,0.399835,1,215,195,89,174,224,18,11,0,4
178,59,0,931,1339,0.399835,1,215,195,89,174,224,18,11,0,4
179,59,0,931,1339,0.399835,1,215,195,89,174,224,18,11,0,4
180,59,0,931,1339,0.399835,1,215,195,89,174,224,18,11,0,4
181,59,0,931,1339,0.399835,1,215,195,89,174,224,18,11,0,4
182,59,0,931,1339,0.399835,1,215,195,89,174,224,18,11,0,4
183,59,0,931,1339,0.399835,1,215,195,89,174,224,18,11,0,4
184,59,0,931,1339,0.399835,1,215,195,89,174,224,18,11,0,4
185,59,0,931,1339,0.399835,1,215,195,89,174,224,18,11,0,4
186,59,0,931,1339,0.399835,1,215,195,89,174,224,18,11,0,4
187,59,0,931,1339,0.399835,1,215,195,89,174,224,18,11,0,4
188,59,0,931,1339,0.399835,1,215,195,89,174,224,18,11,0,4
189,59,0,931,1339,0.399835,1,215,195,89,174,224,18,11,0,4
190,59,0,931,1339,0.399835,1,215,195,89,174,224,18,11,0,4
191,59,0,931,1339,0.399835,1,215,195,89,174,224,18,11,0,4
192,59,0,931,1339,0.399835,1,215,195,89,174,224,18,11,0,4
193,59,0,931,1339,0.399835,1,215,195,89,174,224,18,11,0,4
194,59,0,931,1339,0.399835,1,215,195,89,174,224,18,11,0,4
195,59,0,931,1339,0.399835,1,215,195,89,174,224,18,11,0,4
196,59,0,931,1339,0.399835,1,215,195,89,174,224,18,11,0,4
197,59,0,931,1339,0.399835,1,215,195,89,174,224,18,11,0,4
198,59,0,931,1339,0.399835,1,215,195,89,174,224,18,11,0,4
199,59,0,931,1339,0.399835,1,215,195,89,174,224,18,11,0,4
200,59,0,931,1339,0.399835,1,215,195,89,174,224,18,11,0,4
201,59,0,931,1339,0.399835,1,215,195,89,174,224,18,11,0,4
202,59,0,931,1339,0.399835,1,215,195,89,174,224,18,11,0,4
203,59,0,931,1339,0.399835,1,215,195,89,174,224,18,11,0,4
204,59,0,931,1339,0.399835,1,215,195,89,174,224,18,11,0,4
205,59,0,931,1339,0.399835,1,215,195,89,174,224,18,11,0,4
206,59,0,931,1339,0.399835,1,215,195,89,174,224,18,11,0,4
207,59,0,931,1339,0.399835,1,215,195,89,174,224,18,11,0,4
208,59,0,931,1339,0.399835,1,215,195,89,174,224,18,11,0,4
209,59,0,931,1339,0.399835,1,215,195,89,174,224,18,11,0,4
210,59,0,931,1339,0.399835,1,215,195,89,174,224,18,11,0,4
211,59,0,931,1339,0.399835,1,215,195,89,174,224,18,11,0,4
212,59,0,931,1339,0.399835,1,215,195,89,174,224,18,11,0,4
213,59,0,931,1339,0.399835,1,215,195,89,174,224,18,11,0,4
214,59,0,931,1339,0.399835,1,215,195,89,174,224,18,11,0,4
215,59,0,931,1339,0.399835,1,215,195,89,174,224,18,11,0,4
216,59,0,931,1339,0.399835,1,215,195,89,174,224,18,11,0,4
217,59,0,931,1339,0.399835,1,215,195,89,174,224,18,11,0,4
218,59,0,931,1339,0.399835,1,215,195,89,174,224,18,11,0,4
219,59,0,931,1339,0.399835,1,215,195,89,174,224,18,11,0,4
220,59,0,931,1339,0.399835,1,215,195,89,174,224,18,11,0,4
221,59,0,931,1339,0.399835,1,215,195,89,174,224,18,11,0,4
222,59,0,931,1339,0.399835,1,215,195,89,174,224,18,11,0,4
223,59,0,931,1339,0.399835,1,215,195,89,174,224,18,11,0,4
224,59,0,931,1339,0.399835,1,215,195,89,174,224,18,11,0,4
225,59,0,931,1339,0.399835,1,215,195,89,174,224,18,11,0,4
226,59,0,931,1339,0.399835,1,215,195,89,174,224,18,11,0,4
227,59,0,931,1339,0.399835,1,215,195,89,174,224,18,11,0,4
228,59,0,931,1339,0.399835,1,215,195,89,174,224,18,11,0,4
229,59,0,931,1339,0.399835,1,215,195,89,174,224,18,11,0,4
230,59,0,931,1339,0.399835,1,215,195,89,174,224,18,11,0,4
231,59,0,931,1339,0.399835,1,215,195,89,174,224,18,11,0,4
232,59,0,931,1339,0.399835,1,215,195,89,174,224,18,11,0,4
233,59,0,931,1339,0.399835,1,215,195,89,174,224,18,11,0,4
234,59,0,931,1339,0.399835,1,215,195,89,174,224,18,11,0,4
235,59,0,931,1339,0.399835,1,215,195,89,174,224,18,11,0,4
236,59,0,931,1339,0.399835,1,215,195,89,174,224,18,11,0,4
237,59,0,931,1339,0.399835,1,215,195,89,174,224,18,11,0,4
238,59,0,931,1339,0.399835,1,215,195,89,174,224,18,11,0,4
239,59,0,931,1339,0.399835,1,215,195,89,174,224,18,11,0,4
240,59,0,931,1339,0.399835,1,215,195,89,174,224,18,11,0,4
241,59,0,931,1339,0.399835,1,215,195,89,174,224,18,11,0,4
242,59,0,931,1339,0.399835,1,215,195,89,174,224,18,11,0,4
243,59,0,931,1339,0.399835,1,215,195,89,174,224,18,11,0,4
244,59,0,931,1339,0.399835,1,215,195,89,174,224,18,11,0,4
245,59,0,931,1339,0.399835,1,215,195,89,174,224,18,11,0,4
246,59,0,931,1339,0.399835,1,215,195,89,174,224,18,11,0,4
247,59,0,931,1339,0.399835,1,215,195,89,174,224,18,11,0,4
248,59,0,931,1339,0.399835,1,215,195,89,174,224,18,11,0,4
249,59,0,931,1339,0.399835,1,215,195,89,174,224,18,11,0,4
250,59,0,931,1339,0.399835,1,215,195,89,174,224,18,11,0,4
251,59,0,931,1339,0.399835,1,215,195,89,174,224,18,11,0,4
252,59,0,931,1339,0.399835,1,215,195,89,174,224,18,11,0,4
253,59,0,931,1339,0.399835,1,215,195,89,174,224,18,11,0,4
254,59,0,931,1339,0.399835,1,215,195,89,174,224,18,11,0,4
255,59,0,931,1339,0.399835,1,215,195,89,174,224,18,11,0,4
256,59,0,931,1339,0.399835,1,215,195,89,174,224,18,11,0,4
257,59,0,931,1339,0.399835,1,215,195,89,174,224,18,11,0,4
258,59,0,931,1339,0.399835,1,215,195,89,174,224,18,11,0,4
259,59,0,931,1339,0.399835,1,215,195,89,174,224,18,11,0,4
260,59,0,931,1339,0.399835,1,215,195,89,174,224,18,11,0,4
261,59,0,931,1339,0.399835,1,215,195,89,174,224,18,11,0,4
262,59,0,931,1339,0.399835,1,215,195,89,174,224,18,11,0,4
263,59,0,931,1339,0.399835,1,215,195,89,174,224,18,11,0,4
264,59,0,931,1339,0.399835,1,215,195,89,174,224,18,11,0,4
265,59,0,931,1339,0.399835,1,215,195,89,174,224,18,11,0,4
266,59,0,931,1339,0.399835,1,215,195,89,174,224,18,11,0,4
267,59,0,931,1339,0.399835,1,215,195,89,174,224,18,11,0,4
268,59,0,931,1339,0.399835,1,215,195,89,174,224,18,11,0,4
269,59,0,931,1339,0.399835,1,215,195,89,174,224,18,11,0,4
270,59,0,931,1339,0.399835,1,215,195,89,174,224,18,11,0,4
271,59,0,931,1339,0.399835,1,215,195,89,174,224,18,11,0,4
272,59,0,931,1339,0.399835,1,215,195,89,174,224,18,11,0,4
273,59,0,931,1339,0.399835,1,215,195,89,174,224,18,11,0,4
274,59,0,931,1339,0.399835,1,215,195,89,174,224,18,11,0,4
275,59,0,931,1339,0.399835,1,215,195,89,174,224,18,11,0,4
276,59,0,931,1339,0.399835,1,215,195,89,174,224,18,11,0,4
277,59,0,931,1339,0.399835,1,215,195,89,174,224,18,11,0,4
278,59,0,931,1339,0.399835,1,215,195,89,174,224,18,11,0,4
279,59,0,931,1339,0.399835,1,215,195,89,174,224,18,11,0,4
280,59,0,931,1339,0.399835,1,215,195,89,174,224,18,11,0,4
281,59,0,931,1339,0.399835,1,215,195,89,174,224,18,11,0,4
282,59,0,931,1339,0.399835,1,215,195,89,174,224,18,11,0,4
283,59,0,931,1339,0.399835,1,215,195,89,174,224,18,11,0,4
284,59,0,931,1339,0.399835,1,215,195,89,174,224,18,11,0,4
285,59,0,931,1339,0.399835,1,215,195,89,174,224,18,11,0,4
286,59,0,931,1339,0.399835,1,215,195,89,174,224,18,11,0,4
287,59,0,931,1339,0.399835,1,215,195,89,174,224,18,11,0,4
288,59,0,931,1339,0.399835,1,215,195,89,174,224,18,11,0,4
289,59,0,931,1339,0.399835,1,215,195,89,174,224,18,11,0,4
290,59,0,931,1339,0.399835,1,215,195,89,174,224,18,11,0,4
291,59,0,931,1339,0.399835,1,215,195,89,174,224,18,11,0,4
292,59,0,931,1339,0.399835,1,215,195,89,174,224,18,11,0,4
293,59,0,931,1339,0.399835,1,215,195,89,174,224,18,11,0,4
294,59,0,931,1339,0.399835,1,215,195,89,174,224,18,11,0,4
295,59,0,931,1339,0.399835,1,215,195,89,174,224,18,11,0,4
296,59,0,931,1339,0.399835,1,215,195,89,174,224,18,11,0,4
297,59,0,931,1339,0.399835,1,215,195,89,174,224,18,11,0,4
298,59,0,931,1339,0.399835,1,215,195,89,174,224,18,11,0,4
299,59,0,931,1339,0.399835,1,215,195,89,174,224,18,11,0,4
300,59,0,931,1339,0.399835,1,215,195,89,174,224,18,11,0,4
301,59,0,931,1339,0.399835,1,215,195,89,174,224,18,11,0,4
302,59,0,931,1339,0.399835,1,215,195,89,174,224,18,11,0,4
303,59,0,931,1339,0.399835,1,215,195,89,174,224,18,11,0,4
304,59,0,931,1339,0.399835,1,215,195,89,174,224,18,11,0,4
305,59,0,931,1339,0.399835,1,215,195,89,174,224,18,11,0,4
306,59,0,931,1339,0.399835,1,215,195,89,174,224,18,11,0,4
307,59,0,931,1339,0.399835,1,215,195,89,174,224,18,11,0,4
308,59,0,931,1339,0.399835,1,215,195,89,174,224,18,11,0,4
309,59,0,931,1339,0.399835,1,215,195,89,174,224,18,11,0,4
310,59,0,931,1339,0.399835,1,215,195,89,174,224,18,11,0,4
311,59,0,931,1339,0.399835,1,215,195,89,174,224,18,11,0,4
312,59,0,931,1339,0.399835,1,215,195,89,174,224,18,11,0,4
313,59,0,931,1339,0.399835,1,215,195,89,174,224,18,11,0,4
314,59,0,931,1339,0.399835,1,215,195,89,174,224,18,11,0,4
315,59,0,931,1339,0.399835,1,215,195,89,174,224,18,11,0,4
316,59,0,931,1339,0.399835,1,215,195,89,174,224,18,11,0,4
317,59,0,931,1339,0.399835,1,215,195,89,174,224,18,11,0,4
318,59,0,931,1339,0.399835,1,215,195,89,174,224,18,11,0,4
319,59,0,931,1339,0.399835,1,215,195,89,174,224,18,11,0,4
320,59,0,931,1339,0.399835,1,215,195,89,174,224,18,11,0,4
321,59,0,931,1339,0.399835,1,215,195,89,174,224,18,11,0,4
322,59,0,931,1339,0.399835,1,215,195,89,174,224,18,11,0,4
323,59,0,931,1339,0.399835,1,215,195,89,174,224,18,11,0,4
324,59,0,931,1339,0.399835,1,215,195,89,174,224,18,11,0,4
325,59,0,931,1339,0.399835,1,215,195,89,174,224,18,11,0,4
326,59,0,931,1339,0.399835,1,215,195,89,174,224,18,11,0,4
327,59,0,931,1339,0.399835,1,215,195,89,174,224,18,11,0,4
328,59,0,931,1339,0.399835,1,215,195,89,174,224,18,11,0,4
329,59,0,931,1339,0.399835,1,215,195,89,174,224,18,11,0,4
330,59,0,931,1339,0.399835,1,215,195,89,174,224,18,11,0,4
331,59,0,931,1339,0.399835,1,215,195,89,174,224,18,11,0,4
332,59,0,931,1339,0.399835,1,215,195,89,174,224,18,11,0,4
333,59,0,931,1339,0.399835,1,215,195,89,174,224,18,11,0,4
334,59,0,931,1339,0.399835,1,215,195,89,174,224,18,11,0,4
335,59,0,931,1339,0.399835,1,215,195,89,174,224,18,11,0,4
336,59,0,931,1339,0.399835,1,215,195,89,174,224,18,11,0,4
337,59,0,931,1339,0.399835,1,215,195,89,174,224,18,11,0,4
338,59,0,931,1339,0.399835,1,215,195,89,174,224,18,11,0,4
339,59,0,931,1339,0.399835,1,215,195,89,174,224,18,11,0,4
340,59,0,931,1339,0.399835,1,215,195,89,174,224,18,11,0,4
341,59,0,931,1339,0.399835,1,215,195,89,174,224,18,11,0,4
342,59,0,931,1339,0.399835,1,215,195,89,174,224,18,11,0,4
343,59,0,931,1339,0.399835,1,215,195,89,174,224,18,11,0,4
344,59,0,931,1339,0.399835,1,215,195,89,174,224,18,11,0,4
345,59,0,931,1339,0.399835,1,215,195,89,174,224,18,11,0,4
346,59,0,931,1339,0.399835,1,215,195,89,174,224,18,11,0,4
347,59,0,931,1339,0.399835,1,215,195,89,174,224,18,11,0,4
348,59,0,931,1339,0.399835,1,215,195,89,174,224,18,11,0,4
349,59,0,931,1339,0.399835,1,215,195,89,174,224,18,11,0,4
350,59,0,931,1339,0.399835,1,215,195,89,174,224,18,11,0,4
351,59,0,931,1339,0.399835,1,215,195,89,174,224,18,11,0,4
352,59,0,931,1339,0.399835,1,215,195,89,174,224,18,11,0,4
353,59,0,931,1339,0.399835,1,215,195,89,174,224,18,11,0,4
354,59,0,931,1339,0.399835,1,215,195,89,174,224,18,11,0,4
355,59,0,931,1339,0.399835,1,215,195,89,174,224,18,11,0,4
356,59,0,931,1339,0.399835,1,215,195,89,174,224,18,11,0,4
357,59,0,931,1339,0.399835,1,215,195,89,174,224,18,11,0,4
358,59,0,931,1339,0.399835,1,215,195,89,174,224,18,11,0,4
359,59,0,931,1339,0.399835,1,215,195,89,174,224,18,11,0,4
360,59,0,931,1339,0.399835,1,215,195,89,174,224,18,11,0,4
361,59,0,931,1339,0.399835,1,215,195,89,174,224,18,11,0,4
362,59,0,931,1339,0.399835,1,215,195,89,174,224,18,11,0,4
363,59,0,931,1339,0.399835,1,215,195,89,174,224,18,11,0,4
364,59,0,931,1339,0.399835,1,215,195,89,174,224,18,11,0,4
365,59,0,931,1339,0.399835,1,215,195,89,174,224,18,11,0,4
366,59,0,931,1339,0.399835,1,215,195,89,174,224,18,11,0,4
367,59,0,931,1339,0.399835,1,215,195,89,174,224,18,11,0,4
368,59,0,931,1339,0.399835,1,215,195,89,174,224,18,11,0,4
369,59,0,931,1339,0.399835,1,215,195,89,174,224,18,11,0,4
370,59,0,931,1339,0.399835,1,215,195,89,174,224,18,11,0,4
371,59,0,931,1339,0.399835,1,215,195,89,174,224,18,11,0,4
372,59,0,931,1339,0.399835,1,215,195,89,174,224,18,11,0,4
373,59,0,931,1339,0.399835,1,215,195,89,174,224,18,11,0,4
374,59,0,931,1339,0.399835,1,215,195,89,174,224,18,11,0,4
375,59,0,931,1339,0.399835,1,215,195,89,174,224,18,11,0,4
376,59,0,931,1339,0.399835,1,215,195,89,174,224,18,11,0,4
377,59,0,931,1339,0.399835,1,215,195,89,174,224,18,11,0,4
378,59,0,931,1339,0.399835,1,215,195,89,174,224,18,11,0,4
379,59,0,931,1339,0.399835,1,215,195,89,174,224,18,11,0,4
380,59,0,931,1339,0.399835,1,215,195,89,174,224,18,11,0,4
381,59,0,931,1339,0.399835,1,215,195,89,174,224,18,11,0,4
382,59,0,931,1339,0.399835,1,215,195,89,174,224,18,11,0,4
383,59,0,931,1339,0.399835,1,215,195,89,174,224,18,11,0,4
384,59,0,931,1339,0.399835,1,215,195,89,174,224,18,11,0,4
385,59,0,931,1339,0.399835,1,215,195,89,174,224,18,11,0,4
386,59,0,931,1339,0.399835,1,215,195,89,174,224,18,11,0,4
387,59,0,931,1339,0.399835,1,215,195,89,174,224,18,11,0,4
388,59,0,931,1339,0.399835,1,215,195,89,174,224,18,11,0,4
389,59,0,931,1339,0.399835,1,215,195,89,174,224,18,11,0,4
390,59,0,931,1339,0.399835,1,215,195,89,174,224,18,11,0,4
391,59,0,931,1339,0.399835,1,215,195,89,174,224,18,11,0,4
392,59,0,931,1339,0.399835,1,215,195,89,174,224,18,11,0,4
393,59,0,931,1339,0.399835,1,215,195,89,174,224,18,11,0,4
394,59,0,931,1339,0.399835,1,215,195,89,174,224,18,11,0,4
395,59,0,931,1339,0.399835,1,215,195,89,174,224,18,11,0,4
396,59,0,931,1339,0.399835,1,215,195,89,174,224,18,11,0,4
397,59,0,931,1339,0.399835,1,215,195,89,174,224,18,11,0,4
398,59,0,931,1339,0.399835,1,215,195,89,174,224,18,11,0,4
399,59,0,931,1339,0.399835,1,215,195,89,174,224,18,11,0,4
400,59,0,931,1339,0.399835,1,215,195,89,174,224,18,11,0,4
401,59,0,931,1339,0.399835,1,215,195,89,174,224,18,11,0,4
402,59,0,931,1339,0.399835,1,215,195,89,174,224,18,11,0,4
403,59,0,931,1339,0.399835,1,215,195,89,174,224,18,11,0,4
404,59,0,931,1339,0.399835,1,215,195,89,174,224,18,11,0,4
405,59,0,931,1339,0.399835,1,215,195,89,174,224,18,11,0,4
406,59,0,931,1339,0.399835,1,215,195,89,174,224,18,11,0,4
407,59,0,931,1339,0.399835,1,215,195,89,174,224,18,11,0,4
408,59,0,931,1339,0.399835,1,215,195,89,174,224,18,11,0,4
409,59,0,931,1339,0.399835,1,215,195,89,174,224,18,11,0,4
410,59,0,931,1339,0.399835,1,215,195,89,174,224,18,11,0,4
411,59,0,931,1339,0.399835,1,215,195,89,174,224,18,11,0,4
412,59,0,931,1339,0.399835,1,215,195,89,174,224,18,11,0,4
413,59,0,931,1339,0.399835,1,215,195,89,174,224,18,11,0,4
414,59,0,931,1339,0.399835,1,215,195,89,174,224,18,11,0,4
415,59,0,931,1339,0.399835,1,215,195,89,174,224,18,11,0,4
416,59,0,931,1339,0.399835,1,215,195,89,174,224,18,11,0,4
417,59,0,931,1339,0.399835,1,215,195,89,174,224,18,11,0,4
418,59,0,931,1339,0.399835,1,215,195,89,174,224,18,11,0,4
419,59,0,931,1339,0.399835,1,215,195,89,174,224,18,11,0,4
420,59,0,931,1339,0.399835,1,215,195,89,174,224,18,11,0,4
421,59,0,931,1339,0.399835,1,215,195,89,174,224,18,11,0,4
422,59,0,931,1339,0.399835,1,215,195,89,174,224,18,11,0,4
423,59,0,931,1339,0.399835,1,215,195,89,174,224,18,11,0,4
424,59,0,931,1339,0.399835,1,215,195,89,174,224,18,11,0,4
425,59,0,931,1339,0.399835,1,215,195,89,174,224,18,11,0,4
426,59,0,931,1339,0.399835,1,215,195,89,174,224,18,11,0,4
427,59,0,931,1339,0.399835,1,215,195,89,174,224,18,11,0,4
428,59,0,931,1339,0.399835,1,215,195,89,174,224,18,11,0,4
429,59,0,931,1339,0.399835,1,215,195,89,174,224,18,11,0,4
430,59,0,931,1339,0.399835,1,215,195,89,174,224,18,11,0,4
431,59,0,931,1339,0.399835,1,215,195,89,174,224,18,11,0,4
432,59,0,931,1339,0.399835,1,215,195,89,174,224,18,11,0,4
433,59,0,931,1339,0.399835,1,215,195,89,174,224,18,11,0,4
434,59,0,931,1339,0.399835,1,215,195,89,174,224,18,11,0,4
435,59,0,931,1339,0.399835,1,215,195,89,174,224,18,11,0,4
436,59,0,931,1339,0.399835,1,215,195,89,174,224,18,11,0,4
437,59,0,931,1339,0.399835,1,215,195,89,174,224,18,11,0,4
438,59,0,931,1339,0.399835,1,215,195,89,174,224,18,11,0,4
439,59,0,931,1339,0.399835,1,215,195,89,174,224,18,11,0,4
440,59,0,931,1339,0.399835,1,215,195,89,174,224,18,11,0,4
441,59,0,931,1339,0.399835,1,215,195,89,174,224,18,11,0,4
442,59,0,931,1339,0.399835,1,215,195,89,174,224,18,11,0,4
443,59,0,931,1339,0.399835,1,215,195,89,174,224,18,11,0,4
444,59,0,931,1339,0.399835,1,215,195,89,174,224,18,11,0,4
445,59,0,931,1339,0.399835,1,215,195,89,174,224,18,11,0,4
446,59,0,931,1339,0.399835,1,215,195,89,174,224,18,11,0,4
447,59,0,931,1339,0.399835,1,215,195,89,174,224,18,11,0,4
448,59,0,931,1339,0.399835,1,215,195,89,174,224,18,11,0,4
449,59,0,931,1339,0.399835,1,215,195,89,174,224,18,11,0,4
450,59,0,931,1339,0.399835,1,215,195,89,174,224,18,11,0,4
451,59,0,931,1339,0.399835,1,215,195,89,174,224,18,11,0,4
452,59,0,931,1339,0.399835,1,215,195,89,174,224,18,11,0,4
453,59,0,931,1339,0.399835,1,215,195,89,174,224,18,11,0,4
454,59,0,931,1339,0.399835,1,215,195,89,174,224,18,11,0,4
455,59,0,931,1339,0.399835,1,215,195,89,174,224,18,11,0,4
456,59,0,931,1339,0.399835,1,215,195,89,174,224,18,11,0,4
457,59,0,931,1339,0.399835,1,215,195,89,174,224,18,11,0,4
458,59,0,931,1339,0.399835,1,215,195,89,174,224,18,11,0,4
459,59,0,931,1339,0.399835,1,215,195,89,174,224,18,11,0,4
460,59,0,931,1339,0.399835,1,215,195,89,174,224,18,11,0,4
461,59,0,931,1339,0.399835,1,215,195,89,174,224,18,11,0,4
462,59,0,931,1339,0.399835,1,215,195,89,174,224,18,11,0,4
463,59,0,931,1339,0.399835,1,215,195,89,174,224,18,11,0,4
464,59,0,931,1339,0.399835,1,215,195,89,174,224,18,11,0,4
465,59,0,931,1339,0.399835,1,215,195,89,174,224,18,11,0,4
466,59,0,931,1339,0.399835,1,215,195,89,174,224,18,11,0,4
467,59,0,931,1339,0.399835,1,215,195,89,174,224,18,11,0,4
468,59,0,931,1339,0.399835,1,215,195,89,174,224,18,11,0,4
469,59,0,931,1339,0.399835,1,215,195,89,174,224,18,11,0,4
470,59,0,931,1339,0.399835,1,215,195,89,174,224,18,11,0,4
471,59,0,931,1339,0.399835,1,215,195,89,174,224,18,11,0,4
472,59,0,931,1339,0.399835,1,215,195,89,174,224,18,11,0,4
473,59,0,931,1339,0.399835,1,215,195,89,174,224,18,11,0,4
474,59,0,931,1339,0.399835,1,215,195,89,174,224,18,11,0,4
475,59,0,931,1339,0.399835,1,215,195,89,174,224,18,11,0,4
476,59,0,931,1339,0.399835,1,215,195,89,174,224,18,11,0,4
477,59,0,931,1339,0.399835,1,215,195,89,174,224,18,11,0,4
478,59,0,931,1339,0.399835,1,215,195,89,174,224,18,11,0,4
479,59,0,931,1339,0.399835,1,215,195,89,174,224,18,11,0,4
480,59,0,931,1339,0.399835,1,215,195,89,174,224,18,11,0,4
481,59,0,931,1339,0.399835,1,215,195,89,174,224,18,11,0,4
482,59,0,931,1339,0.399835,1,215,195,89,174,224,18,11,0,4
483,59,0,931,1339,0.399835,1,215,195,89,174,224,18,11,0,4
484,59,0,931,1339,0.399835,1,215,195,89,174,224,18,11,0,4
485,59,0,931,1339,0.399835,1,215,195,89,174,224,18,11,0,4
486,59,0,931,1339,0.399835,1,215,195,89,174,224,18,11,0,4
487,59,0,931,1339,0.399835,1,215,195,89,174,224,18,11,0,4
488,59,0,931,1339,0.399835,1,215,195,89,174,224,18,11,0,4
489,59,0,931,1339,0.399835,1,215,195,89,174,224,18,11,0,4
490,59,0,931,1339,0.399835,1,215,195,89,174,224,18,11,0,4
491,59,0,931,1339,0.399835,1,215,195,89,174,224,18,11,0,4
492,59,0,931,1339,0.399835,1,215,195,89,174,224,18,11,0,4
493,59,0,931,1339,0.399835,1,215,195,89,174,224,18,11,0,4
494,59,0,931,1339,0.399835,1,215,195,89,174,224,18,11,0,4
495,59,0,931,1339,0.399835,1,215,195,89,174,224,18,11,0,4
496,59,0,931,1339,0.399835,1,215,195,89,174,224,18,11,0,4
497,59,0,931,1339,0.399835,1,215,195,89,174,224,18,11,0,4
498,59,0,931,1339,0.399835,1,215,195,89,174,224,18,11,0,4
499,59,0,931,1339,0.399835,1,215,195,89,174,224,18,11,0,4
500,59,0,931,1339,0.399835,1,215,195,89,174,224,18,11,0,4
501,59,0,931,1339,0.399835,1,215,195,89,174,224,18,11,0,4
502,59,0,931,1339,0.399835,1,215,195,89,174,224,18,11,0,4
503,59,0,931,1339,0.399835,1,215,195,89,174,224,18,11,0,4
504,59,0,931,1339,0.399835,1,215,195,89,174,224,18,11,0,4
505,59,0,931,1339,0.399835,1,215,195,89,174,224,18,11,0,4
506,59,0,931,1339,0.399835,1,215,195,89,174,224,18,11,0,4
507,59,0,931,1339,0.399835,1,215,195,89,174,224,18,11,0,4
508,59,0,931,1339,0.399835,1,215,195,89,174,224,18,11,0,4
509,59,0,931,1339,0.399835,1,215,195,89,174,224,18,11,0,4
510,59,0,931,1339,0.399835,1,215,195,89,174,224,18,11,0,4
511,59,0,931,1339,0.399835,1,215,195,89,174,224,18,11,0,4
512,59,0,931,1339,0.399835,1,215,195,89,174,224,18,11,0,4
513,59,0,931,1339,0.399835,1,215,195,89,174,224,18,11,0,4
514,59,0,931,1339,0.399835,1,215,195,89,174,224,18,11,0,4
515,59,0,931,1339,0.399835,1,215,195,89,174,224,18,11,0,4
516,59,0,931,1339,0.399835,1,215,195,89,174,224,18,11,0,4
517,59,0,931,1339,0.399835,1,215,195,89,174,224,18,11,0,4
518,59,0,931,1339,0.399835,1,215,195,89,174,224,18,11,0,4
519,59,0,931,1339,0.399835,1,215,195,89,174,224,18,11,0,4
520,59,0,931,1339,0.399835,1,215,195,89,174,224,18,11,0,4
521,59,0,931,1339,0.399835,1,215,195,89,174,224,18,11,0,4
522,59,0,931,1339,0.399835,1,215,195,89,174,224,18,11,0,4
523,59,0,931,1339,0.399835,1,215,195,89,174,224,18,11,0,4
524,59,0,931,1339,0.399835,1,215,195,89,174,224,18,11,0,4
525,59,0,931,1339,0.399835,1,215,195,89,174,224,18,11,0,4
526,59,0,931,1339,0.399835,1,215,195,89,174,224,18,11,0,4
527,59,0,931,1339,0.399835,1,215,195,89,174,224,18,11,0,4
528,59,0,931,1339,0.399835,1,215,195,89,174,224,18,11,0,4
529,59,0,931,1339,0.399835,1,215,195,89,174,224,18,11,0,4
530,59,0,931,1339,0.399835,1,215,195,89,174,224,18,11,0,4
531,59,0,931,1339,0.399835,1,215,195,89,174,224,18,11,0,4
532,59,0,931,1339,0.399835,1,215,195,89,174,224,18,11,0,4
533,59,0,931,1339,0.399835,1,215,195,89,174,224,18,11,0,4
534,59,0,931,1339,0.399835,1,215,195,89,174,224,18,11,0,4
535,59,0,931,1339,0.399835,1,215,195,89,174,224,18,11,0,4
536,59,0,931,1339,0.399835,1,215,195,89,174,224,18,11,0,4
537,59,0,931,1339,0.399835,1,215,195,89,174,224,18,11,0,4
538,59,0,931,1339,0.399835,1,215,195,89,174,224,18,11,0,4
539,59,0,931,1339,0.399835,1,215,195,89,174,224,18,11,0,4
540,59,0,931,1339,0.399835,1,215,195,89,174,224,18,11,0,4
541,59,0,931,1339,0.399835,1,215,195,89,174,224,18,11,0,4
542,59,0,931,1339,0.399835,1,215,195,89,174,224,18,11,0,4
543,59,0,931,1339,0.399835,1,215,195,89,174,224,18,11,0,4
544,59,0,931,1339,0.399835,1,215,195,89,174,224,18,11,0,4
545,59,0,931,1339,0.399835,1,215,195,89,174,224,18,11,0,4
546,59,0,931,1339,0.399835,1,215,195,89,174,224,18,11,0,4
547,59,0,931,1339,0.399835,1,215,195,89,174,224,18,11,0,4
548,59,0,931,1339,0.399835,1,215,195,89,174,224,18,11,0,4
549,59,0,931,1339,0.399835,1,215,195,89,174,224,18,11,0,4
550,59,0,931,1339,0.399835,1,215,195,89,174,224,18,11,0,4
551,59,0,931,1339,0.399835,1,215,195,89,174,224,18,11,0,4
552,59,0,931,1339,0.399835,1,215,195,89,174,224,18,11,0,4
553,59,0,931,1339,0.399835,1,215,195,89,174,224,18,11,0,4
554,59,0,931,1339,0.399835,1,215,195,89,174,224,18,11,0,4
555,59,0,931,1339,0.399835,1,215,195,89,174,224,18,11,0,4
556,59,0,931,1339,0.399835,1,215,195,89,174,224,18,11,0,4
557,59,0,931,1339,0.399835,1,215,195,89,174,224,18,11,0,4
558,59,0,931,1339,0.399835,1,215,195,89,174,224,18,11,0,4
559,59,0,931,1339,0.399835,1,215,195,89,174,224,18,11,0,4
560,59,0,931,1339,0.399835,1,215,195,89,174,224,18,11,0,4
561,59,0,931,1339,0.399835,1,215,195,89,174,224,18,11,0,4
562,59,0,931,1339,0.399835,1,215,195,89,174,224,18,11,0,4
563,59,0,931,1339,0.399835,1,215,195,89,174,224,18,11,0,4
564,59,0,931,1339,0.399835,1,215,195,89,174,224,18,11,0,4
565,59,0,931,1339,0.399835,1,215,195,89,174,224,18,11,0,4
566,59,0,931,1339,0.399835,1,215,195,89,174,224,18,11,0,4
567,59,0,931,1339,0.399835,1,215,195,89,174,224,18,11,0,4
568,59,0,931,1339,0.399835,1,215,195,89,174,224,18,11,0,4
569,59,0,931,1339,0.399835,1,215,195,89,174,224,18,11,0,4
570,59,0,931,1339,0.399835,1,215,195,89,174,224,18,11,0,4
571,59,0,931,1339,0.399835,1,215,195,89,174,224,18,11,0,4
572,59,0,931,1339,0.399835,1,215,195,89,174,224,18,11,0,4
573,59,0,931,1339,0.399835,1,215,195,89,174,224,18,11,0,4
574,59,0,931,1339,0.399835,1,215,195,89,174,224,18,11,0,4
575,59,0,931,1339,0.399835,1,215,195,89,174,224,18,11,0,4
576,59,0,931,1339,0.399835,1,215,195,89,174,224,18,11,0,4
577,59,0,931,1339,0.399835,1,215,195,89,174,224,18,11,0,4
578,59,0,931,1339,0.399835,1,215,195,89,174,224,18,11,0,4
579,59,0,931,1339,0.399835,1,215,195,89,174,224,18,11,0,4
580,59,0,931,1339,0.399835,1,215,195,89,174,224,18,11,0,4
581,59,0,931,1339,0.399835,1,215,195,89,174,224,18,11,0,4
582,59,0,931,1339,0.399835,1,215,195,89,174,224,18,11,0,4
583,59,0,931,1339,0.399835,1,215,195,89,174,224,18,11,0,4
584,59,0,931,1339,0.399835,1,215,195,89,174,224,18,11,0,4
585,59,0,931,1339,0.399835,1,215,195,89,174,224,18,11,0,4
586,59,0,931,1339,0.399835,1,215,195,89,174,224,18,11,0,4
587,59,0,931,1339,0.399835,1,215,195,89,174,224,18,11,0,4
588,59,0,931,1339,0.399835,1,215,195,89,174,224,18,11,0,4
589,59,0,931,1339,0.399835,1,215,195,89,174,224,18,11,0,4
590,59,0,931,1339,0.399835,1,215,195,89,174,224,18,11,0,4
591,59,0,931,1339,0.399835,1,215,195,89,174,224,18,11,0,4
592,59,0,931,1339,0.399835,1,215,195,89,174,224,18,11,0,4
593,59,0,931,1339,0.399835,1,215,195,89,174,224,18,11,0,4
594,59,0,931,1339,0.399835,1,215,195,89,174,224,18,11,0,4
595,59,0,931,1339,0.399835,1,215,195,89,174,224,18,11,0,4
596,59,0,931,1339,0.399835,1,215,195,89,174,224,18,11,0,4
597,59,0,931,1339,0.399835,1,215,195,89,174,224,18,11,0,4
598,59,0,931,1339,0.399835,1,215,195,89,174,224,18,11,0,4
599,59,0,931,1339,0.399835,1,215,195,89,174,224,18,11,0,4
600,59,0,931,1339,0.399835,1,215,195,89,174,224,18,11,0,4
601,59,0,931,1339,0.399835,1,215,195,89,174,224,18,11,0,4
602,59,0,931,1339,0.399835,1,215,195,89,174,224,18,11,0,4
603,59,0,931,1339,0.399835,1,215,195,89,174,224,18,11,0,4
604,59,0,931,1339,0.399835,1,215,195,89,174,224,18,11,0,4
605,59,0,931,1339,0.399835,1,215,195,89,174,224,18,11,0,4
606,59,0,931,1339,0.399835,1,215,195,89,174,224,18,11,0,4
607,59,0,931,1339,0.399835,1,215,195,89,174,224,18,11,0,4
608,59,0,931,1339,0.399835,1,215,195,89,174,224,18,11,0,4
609,59,0,931,1339,0.399835,1,215,195,89,174,224,18,11,0,4
610,59,0,931,1339,0.399835,1,215,195,89,174,224,18,11,0,4
611,59,0,931,1339,0.399835,1,215,195,89,174,224,18,11,0,4
612,59,0,931,1339,0.399835,1,215,195,89,174,224,18,11,0,4
613,59,0,931,1339,0.399835,1,215,195,89,174,224,18,11,0,4
614,59,0,931,1339,0.399835,1,215,195,89,174,224,18,11,0,4
615,59,0,931,1339,0.399835,1,215,195,89,174,224,18,11,0,4
616,59,0,931,1339,0.399835,1,215,195,89,174,224,18,11,0,4
617,59,0,931,1339,0.399835,1,215,195,89,174,224,18,11,0,4
618,59,0,931,1339,0.399835,1,215,195,89,174,224,18,11,0,4
619,59,0,931,1339,0.399835,1,215,195,89,174,224,18,11,0,4
620,59,0,931,1339,0.399835,1,215,195,89,174,224,18,11,0,4
621,59,0,931,1339,0.399835,1,215,195,89,174,224,18,11,0,4
622,59,0,931,1339,0.399835,1,215,195,89,174,224,18,11,0,4
623,59,0,931,1339,0.399835,1,215,195,89,174,224,18,11,0,4
624,59,0,931,1339,0.399835,1,215,195,89,174,224,18,11,0,4
625,59,0,931,1339,0.399835,1,215,195,89,174,224,18,11,0,4
626,59,0,931,1339,0.399835,1,215,195,89,174,224,18,11,0,4
627,59,0,931,1339,0.399835,1,215,195,89,174,224,18,11,0,4
628,59,0,931,1339,0.399835,1,215,195,89,174,224,18,11,0,4
629,59,0,931,1339,0.399835,1,215,195,89,174,224,18,11,0,4
630,59,0,931,1339,0.399835,1,215,195,89,174,224,18,11,0,4
631,59,0,931,1339,0.399835,1,215,195,89,174,224,18,11,0,4
632,59,0,931,1339,0.399835,1,215,195,89,174,224,18,11,0,4
633,59,0,931,1339,0.399835,1,215,195,89,174,224,18,11,0,4
634,59,0,931,1339,0.399835,1,215,195,89,174,224,18,11,0,4
635,59,0,931,1339,0.399835,1,215,195,89,174,224,18,11,0,4
636,59,0,931,1339,0.399835,1,215,195,89,174,224,18,11,0,4
637,59,0,931,1339,0.399835,1,215,195,89,174,224,18,11,0,4
638,59,0,931,1339,0.399835,1,215,195,89,174,224,18,11,0,4
639,59,0,931,1339,0.399835,1,215,195,89,174,224,18,11,0,4
640,59,0,931,1339,0.399835,1,215,195,89,174,224,18,11,0,4
641,59,0,931,1339,0.399835,1,215,195,89,174,224,18,11,0,4
642,59,0,931,1339,0.399835,1,215,195,89,174,224,18,11,0,4
643,59,0,931,1339,0.399835,1,215,195,89,174,224,18,11,0,4
644,59,0,931,1339,0.399835,1,215,195,89,174,224,18,11,0,4
645,59,0,931,1339,0.399835,1,215,195,89,174,224,18,11,0,4
646,59,0,931,1339,0.399835,1,215,195,89,174,224,18,11,0,4
647,59,0,931,1339,0.399835,1,215,195,89,174,224,18,11,0,4
648,59,0,931,1339,0.399835,1,215,195,89,174,224,18,11,0,4
649,59,0,931,1339,0.399835,1,215,195,89,174,224,18,11,0,4
650,59,0,931,1339,0.399835,1,215,195,89,174,224,18,11,0,4
651,59,0,931,1339,0.399835,1,215,195,89,174,224,18,11,0,4
652,59,0,931,1339,0.399835,1,215,195,89,174,224,18,11,0,4
653,59,0,931,1339,0.399835,1,215,195,89,174,224,18,11,0,4
654,59,0,931,1339,0.399835,1,215,195,89,174,224,18,11,0,4
655,59,0,931,1339,0.399835,1,215,195,89,174,224,18,11,0,4
656,59,0,931,1339,0.399835,1,215,195,89,174,224,18,11,0,4
657,59,0,931,1339,0.399835,1,215,195,89,174,224,18,11,0,4
658,59,0,931,1339,0.399835,1,215,195,89,174,224,18,11,0,4
659,59,0,931,1339,0.399835,1,215,195,89,174,224,18,11,0,4
660,59,0,931,1339,0.399835,1,215,195,89,174,224,18,11,0,4
661,59,0,931,1339,0.399835,1,215,195,89,174,224,18,11,0,4
662,59,0,931,1339,0.399835,1,215,195,89,174,224,18,11,0,4
663,59,0,931,1339,0.399835,1,215,195,89,174,224,18,11,0,4
664,59,0,931,1339,0.399835,1,215,195,89,174,224,18,11,0,4
665,59,0,931,1339,0.399835,1,215,195,89,174,224,18,11,0,4
666,59,0,931,1339,0.399835,1,215,195,89,174,224,18,11,0,4
667,59,0,931,1339,0.399835,1,215,195,89,174,224,18,11,0,4
668,59,0,931,1339,0.399835,1,215,195,89,174,224,18,11,0,4
669,59,0,931,1339,0.399835,1,215,195,89,174,224,18,11,0,4
670,59,0,931,1339,0.399835,1,215,195,89,174,224,18,11,0,4
671,59,0,931,1339,0.399835,1,215,195,89,174,224,18,11,0,4
672,59,0,931,1339,0.399835,1,215,195,89,174,224,18,11,0,4
673,59,0,931,1339,0.399835,1,215,195,89,174,224,18,11,0,4
674,59,0,931,1339,0.399835,1,215,195,89,174,224,18,11,0,4
675,59,0,931,1339,0.399835,1,215,195,89,174,224,18,11,0,4
676,59,0,931,1339,0.399835,1,215,195,89,174,224,18,11,0,4
677,59,0,931,1339,0.399835,1,215,195,89,174,224,18,11,0,4
678,59,0,931,1339,0.399835,1,215,195,89,174,224,18,11,0,4
679,59,0,931,1339,0.399835,1,215,195,89,174,224,18,11,0,4
680,59,0,931,1339,0.399835,1,215,195,89,174,224,18,11,0,4
681,59,0,931,1339,0.399835,1,215,195,89,174,224,18,11,0,4
682,59,0,931,1339,0.399835,1,215,195,89,174,224,18,11,0,4
683,59,0,931,1339,0.399835,1,215,195,89,174,224,18,11,0,4
684,59,0,931,1339,0.399835,1,215,195,89,174,224,18,11,0,4
685,59,0,931,1339,0.399835,1,215,195,89,174,224,18,11,0,4
686,59,0,931,1339,0.399835,1,215,195,89,174,224,18,11,0,4
687,59,0,931,1339,0.399835,1,215,195,89,174,224,18,11,0,4
688,59,0,931,1339,0.399835,1,215,195,89,174,224,18,11,0,4
689,59,0,931,1339,0.399835,1,215,195,89,174,224,18,11,0,4
690,59,0,931,1339,0.399835,1,215,195,89,174,224,18,11,0,4
691,59,0,931,1339,0.399835,1,215,195,89,174,224,18,11,0,4
692,59,0,931,1339,0.399835,1,215,195,89,174,224,18,11,0,4
693,59,0,931,1339,0.399835,1,215,195,89,174,224,18,11,0,4
694,59,0,931,1339,0.399835,1,215,195,89,174,224,18,11,0,4
695,59,0,931,1339,0.399835,1,215,195,89,174,224,18,11,0,4
696,59,0,931,1339,0.399835,1,215,195,89,174,224,18,11,0,4
697,59,0,931,1339,0.399835,1,215,195,89,174,224,18,11,0,4
698,59,0,931,1339,0.399835,1,215,195,89,174,224,18,11,0,4
699,59,0,931,1339,0.399835,1,215,195,89,174,224,18,11,0,4
700,59,0,931,1339,0.399835,1,215,195,89,174,224,18,11,0,4
701,59,0,931,1339,0.399835,1,215,195,89,174,224,18,11,0,4
702,59,0,931,1339,0.399835,1,215,195,89,174,224,18,11,0,4
703,59,0,931,1339,0.399835,1,215,195,89,174,224,18,11,0,4
704,59,0,931,1339,0.399835,1,215,195,89,174,224,18,11,0,4
705,59,0,931,1339,0.399835,1,215,195,89,174,224,18,11,0,4
706,59,0,931,1339,0.399835,1,215,195,89,174,224,18,11,0,4
707,59,0,931,1339,0.399835,1,215,195,89,174,224,18,11,0,4
708,59,0,931,1339,0.399835,1,215,195,89,174,224,18,11,0,4
709,59,0,931,1339,0.399835,1,215,195,89,174,224,18,11,0,4
710,59,0,931,1339,0.399835,1,215,195,89,174,224,18,11,0,4
711,59,0,931,1339,0.399835,1,215,195,89,174,224,18,11,0,4
712,59,0,931,1339,0.399835,1,215,195,89,174,224,18,11,0,4
713,59,0,931,1339,0.399835,1,215,195,89,174,224,18,11,0,4
714,59,0,931,1339,0.399835,1,215,195,89,174,224,18,11,0,4
715,59,0,931,1339,0.399835,1,215,195,89,174,224,18,11,0,4
716,59,0,931,1339,0.399835,1,215,195,89,174,224,18,11,0,4
717,59,0,931,1339,0.399835,1,215,195,89,174,224,18,11,0,4
718,59,0,931,1339,0.399835,1,215,195,89,174,224,18,11,0,4
719,59,0,931,1339,0.399835,1,215,195,89,174,224,18,11,0,4
720,59,0,931,1339,0.399835,1,215,195,89,174,224,18,11,0,4
721,59,0,931,1339,0.399835,1,215,195,89,174,224,18,11,0,4
722,59,0,931,1339,0.399835,1,215,195,89,174,224,18,11,0,4
723,59,0,931,1339,0.399835,1,215,195,89,174,224,18,11,0,4
724,59,0,931,1339,0.399835,1,215,195,89,174,224,18,11,0,4
725,59,0,931,1339,0.399835,1,215,195,89,174,224,18,11,0,4
726,59,0,931,1339,0.399835,1,215,195,89,174,224,18,11,0,4
727,59,0,931,1339,0.399835,1,215,195,89,174,224,18,11,0,4
728,59,0,931,1339,0.399835,1,215,195,89,174,224,18,11,0,4
729,59,0,931,1339,0.399835,1,215,195,89,174,224,18,11,0,4
730,59,0,931,1339,0.399835,1,215,195,89,174,224,18,11,0,4
731,59,0,931,1339,0.399835,1,215,195,89,174,224,18,11,0,4
732,59,0,931,1339,0.399835,1,215,195,89,174,224,18,11,0,4
733,59,0,931,1339,0.399835,1,215,195,89,174,224,18,11,0,4
734,59,0,931,1339,0.399835,1,215,195,89,174,224,18,11,0,4
735,59,0,931,1339,0.399835,1,215,195,89,174,224,18,11,0,4
736,59,0,931,1339,0.399835,1,215,195,89,174,224,18,11,0,4
737,59,0,931,1339,0.399835,1,215,195,89,174,224,18,11,0,4
738,59,0,931,1339,0.399835,1,215,195,89,174,224,18,11,0,4
739,59,0,931,1339,0.399835,1,215,195,89,174,224,18,11,0,4
740,59,0,931,1339,0.399835,1,215,195,89,174,224,18,11,0,4
741,59,0,931,1339,0.399835,1,215,195,89,174,224,18,11,0,4
742,59,0,931,1339,0.399835,1,215,195,89,174,224,18,11,0,4
743,59,0,931,1339,0.399835,1,215,195,89,174,224,18,11,0,4
744,59,0,931,1339,0.399835,1,215,195,89,174,224,18,11,0,4
745,59,0,931,1339,0.399835,1,215,195,89,174,224,18,11,0,4
746,59,0,931,1339,0.399835,1,215,195,89,174,224,18,11,0,4
747,59,0,931,1339,0.399835,1,215,195,89,174,224,18,11,0,4
748,59,0,931,1339,0.399835,1,215,195,89,174,224,18,11,0,4
749,59,0,931,1339,0.399835,1,215,195,89,174,224,18,11,0,4
750,59,0,931,1339,0.399835,1,215,195,89,174,224,18,11,0,4
751,59,0,931,1339,0.399835,1,215,195,89,174,224,18,11,0,4
752,59,0,931,1339,0.399835,1,215,195,89,174,224,18,11,0,4
753,59,0,931,1339,0.399835,1,215,195,89,174,224,18,11,0,4
754,59,0,931,1339,0.399835,1,215,195,89,174,224,18,11,0,4
755,59,0,931,1339,0.399835,1,215,195,89,174,224,18,11,0,4
756,59,0,931,1339,0.399835,1,215,195,89,174,224,18,11,0,4
757,59,0,931,1339,0.399835,1,215,195,89,174,224,18,11,0,4
758,59,0,931,1339,0.399835,1,215,195,89,174,224,18,11,0,4
759,59,0,931,1339,0.399835,1,215,195,89,174,224,18,11,0,4
760,59,0,931,1339,0.399835,1,215,195,89,174,224,18,11,0,4
761,59,0,931,1339,0.399835,1,215,195,89,174,224,18,11,0,4
762,59,0,931,1339,0.399835,1,215,195,89,174,224,18,11,0,4
763,59,0,931,1339,0.399835,1,215,195,89,174,224,18,11,0,4
764,59,0,931,1339,0.399835,1,215,195,89,174,224,18,11,0,4
765,59,0,931,1339,0.399835,1,215,195,89,174,224,18,11,0,4
766,59,0,931,1339,0.399835,1,215,195,89,174,224,18,11,0,4
767,59,0,931,1339,0.399835,1,215,195,89,174,224,18,11,0,4
768,59,0,931,1339,0.399835,1,215,195,89,174,224,18,11,0,4
769,59,0,931,1339,0.399835,1,215,195,89,174,224,18,11,0,4
770,59,0,931,1339,0.399835,1,215,195,89,174,224,18,11,0,4
771,59,0,931,1339,0.399835,1,215,195,89,174,224,18,11,0,4
772,59,0,931,1339,0.399835,1,215,195,89,174,224,18,11,0,4
773,59,0,931,1339,0.399835,1,215,195,89,174,224,18,11,0,4
774,59,0,931,1339,0.399835,1,215,195,89,174,224,18,11,0,4
775,59,0,931,1339,0.399835,1,215,195,89,174,224,18,11,0,4
776,59,0,931,1339,0.399835,1,215,195,89,174,224,18,11,0,4
777,59,0,931,1339,0.399835,1,215,195,89,174,224,18,11,0,4
778,59,0,931,1339,0.399835,1,215,195,89,174,224,18,11,0,4
779,59,0,931,1339,0.399835,1,215,195,89,174,224,18,11,0,4
780,59,0,931,1339,0.399835,1,215,195,89,174,224,18,11,0,4
781,59,0,931,1339,0.399835,1,215,195,89,174,224,18,11,0,4
782,59,0,931,1339,0.399835,1,215,195,89,174,224,18,11,0,4
783,59,0,931,1339,0.399835,1,215,195,89,174,224,18,11,0,4
784,59,0,931,1339,0.399835,1,215,195,89,174,224,18,11,0,4
785,59,0,931,1339,0.399835,1,215,195,89,174,224,18,11,0,4
786,59,0,931,1339,0.399835,1,215,195,89,174,224,18,11,0,4
787,59,0,931,1339,0.399835,1,215,195,89,174,224,18,11,0,4
788,59,0,931,1339,0.399835,1,215,195,89,174,224,18,11,0,4
789,59,0,931,1339,0.399835,1,215,195,89,174,224,18,11,0,4
790,59,0,931,1339,0.399835,1,215,195,89,174,224,18,11,0,4
791,59,0,931,1339,0.399835,1,215,195,89,174,224,18,11,0,4
792,59,0,931,1339,0.399835,1,215,195,89,174,224,18,11,0,4
793,59,0,931,1339,0.399835,1,215,195,89,174,224,18,11,0,4
794,59,0,931,1339,0.399835,1,215,195,89,174,224,18,11,0,4
795,59,0,931,1339,0.399835,1,215,195,89,174,224,18,11,0,4
796,59,0,931,1339,0.399835,1,215,195,89,174,224,18,11,0,4
797,59,0,931,1339,0.399835,1,215,195,89,174,224,18,11,0,4
798,59,0,931,1339,0.399835,1,215,195,89,174,224,18,11,0,4
799,59,0,931,1339,0.399835,1,215,195,89,174,224,18,11,0,4
800,59,0,931,1339,0.399835,1,215,195,89,174,224,18,11,0,4
801,59,0,931,1339,0.399835,1,215,195,89,174,224,18,11,0,4
802,59,0,931,1339,0.399835,1,215,195,89,174,224,18,11,0,4
803,59,0,931,1339,0.399835,1,215,195,89,174,224,18,11,0,4
804,59,0,931,1339,0.399835,1,215,195,89,174,224,18,11,0,4
805,59,0,931,1339,0.399835,1,215,195,89,174,224,18,11,0,4
806,59,0,931,1339,0.399835,1,215,195,89,174,224,18,11,0,4
807,59,0,931,1339,0.399835,1,215,195,89,174,224,18,11,0,4
808,59,0,931,1339,0.399835,1,215,195,89,174,224,18,11,0,4
809,59,0,931,1339,0.399835,1,215,195,89,174,224,18,11,0,4
810,59,0,931,1339,0.399835,1,215,195,89,174,224,18,11,0,4
811,59,0,931,1339,0.399835,1,215,195,89,174,224,18,11,0,4
812,59,0,931,1339,0.399835,1,215,195,89,174,224,18,11,0,4
813,59,0,931,1339,0.399835,1,215,195,89,174,224,18,11,0,4
814,59,0,931,1339,0.399835,1,215,195,89,174,224,18,11,0,4
815,59,0,931,1339,0.399835,1,215,195,89,174,224,18,11,0,4
816,59,0,931,1339,0.399835,1,215,195,89,174,224,18,11,0,4
817,59,0,931,1339,0.399835,1,215,195,89,174,224,18,11,0,4
818,59,0,931,1339,0.399835,1,215,195,89,174,224,18,11,0,4
819,59,0,931,1339,0.399835,1,215,195,89,174,224,18,11,0,4
820,59,0,931,1339,0.399835,1,215,195,89,174,224,18,11,0,4
821,59,0,931,1339,0.399835,1,215,195,89,174,224,18,11,0,4
822,59,0,931,1339,0.399835,1,215,195,89,174,224,18,11,0,4
823,59,0,931,1339,0.399835,1,215,195,89,174,224,18,11,0,4
824,59,0,931,1339,0.399835,1,215,195,89,174,224,18,11,0,4
825,59,0,931,1339,0.399835,1,215,195,89,174,224,18,11,0,4
826,59,0,931,1339,0.399835,1,215,195,89,174,224,18,11,0,4
827,59,0,931,1339,0.399835,1,215,195,89,174,224,18,11,0,4
828,59,0,931,1339,0.399835,1,215,195,89,174,224,18,11,0,4
829,59,0,931,1339,0.399835,1,215,195,89,174,224,18,11,0,4
830,59,0,931,1339,0.399835,1,215,195,89,174,224,18,11,0,4
831,59,0,931,1339,0.399835,1,215,195,89,174,224,18,11,0,4
832,59,0,931,1339,0.399835,1,215,195,89,174,224,18,11,0,4
833,59,0,931,1339,0.399835,1,215,195,89,174,224,18,11,0,4
834,59,0,931,1339,0.399835,1,215,195,89,174,224,18,11,0,4
835,59,0,931,1339,0.399835,1,215,195,89,174,224,18,11,0,4
836,59,0,931,1339,0.399835,1,215,195,89,174,224,18,11,0,4
837,59,0,931,1339,0.399835,1,215,195,89,174,224,18,11,0,4
838,59,0,931,1339,0.399835,1,215,195,89,174,224,18,11,0,4
839,59,0,931,1339,0.399835,1,215,195,89,174,224,18,11,0,4
840,59,0,931,1339,0.399835,1,215,195,89,174,224,18,11,0,4
841,59,0,931,1339,0.399835,1,215,195,89,174,224,18,11,0,4
842,59,0,931,1339,0.399835,1,215,195,89,174,224,18,11,0,4
843,59,0,931,1339,0.399835,1,215,195,89,174,224,18,11,0,4
844,59,0,931,1339,0.399835,1,215,195,89,174,224,18,11,0,4
845,59,0,931,1339,0.399835,1,215,195,89,174,224,18,11,0,4
846,59,0,931,1339,0.399835,1,215,195,89,174,224,18,11,0,4
847,59,0,931,1339,0.399835,1,215,195,89,174,224,18,11,0,4
848,59,0,931,1339,0.399835,1,215,195,89,174,224,18,11,0,4
849,59,0,931,1339,0.399835,1,215,195,89,174,224,18,11,0,4
850,59,0,931,1339,0.399835,1,215,195,89,174,224,18,11,0,4
851,59,0,931,1339,0.399835,1,215,195,89,174,224,18,11,0,4
852,59,0,931,1339,0.399835,1,215,195,89,174,224,18,11,0,4
853,59,0,931,1339,0.399835,1,215,195,89,174,224,18,11,0,4
854,59,0,931,1339,0.399835,1,215,195,89,174,224,18,11,0,4
855,59,0,931,1339,0.399835,1,215,195,89,174,224,18,11,0,4
856,59,0,931,1339,0.399835,1,215,195,89,174,224,18,11,0,4
857,59,0,931,1339,0.399835,1,215,195,89,174,224,18,11,0,4
858,59,0,931,1339,0.399835,1,215,195,89,174,224,18,11,0,4
859,59,0,931,1339,0.399835,1,215,195,89,174,224,18,11,0,4
860,59,0,931,1339,0.399835,1,215,195,89,174,224,18,11,0,4
861,59,0,931,1339,0.399835,1,215,195,89,174,224,18,11,0,4
862,59,0,931,1339,0.399835,1,215,195,89,174,224,18,11,0,4
863,59,0,931,1339,0.399835,1,215,195,89,174,224,18,11,0,4
864,59,0,931,1339,0.399835,1,215,195,89,174,224,18,11,0,4
865,59,0,931,1339,0.399835,1,215,195,89,174,224,18,11,0,4
866,59,0,931,1339,0.399835,1,215,195,89,174,224,18,11,0,4
867,59,0,931,1339,0.399835,1,215,195,89,174,224,18,11,0,4
868,59,0,931,1339,0.399835,1,215,195,89,174,224,18,11,0,4
869,59,0,931,1339,0.399835,1,215,195,89,174,224,18,11,0,4
870,59,0,931,1339,0.399835,1,215,195,89,174,224,18,11,0,4
871,59,0,931,1339,0.399835,1,215,195,89,174,224,18,11,0,4
872,59,0,931,1339,0.399835,1,215,195,89,174,224,18,11,0,4
873,59,0,931,1339,0.399835,1,215,195,89,174,224,18,11,0,4
874,59,0,931,1339,0.399835,1,215,195,89,174,224,18,11,0,4
875,59,0,931,1339,0.399835,1,215,195,89,174,224,18,11,0,4
876,59,0,931,1339,0.399835,1,215,195,89,174,224,18,11,0,4
877,59,0,931,1339,0.399835,1,215,195,89,174,224,18,11,0,4
878,59,0,931,1339,0.399835,1,215,195,89,174,224,18,11,0,4
879,59,0,931,1339,0.399835,1,215,195,89,174,224,18,11,0,4
880,59,0,931,1339,0.399835,1,215,195,89,174,224,18,11,0,4
881,59,0,931,1339,0.399835,1,215,195,89,174,224,18,11,0,4
882,59,0,931,1339,0.399835,1,215,195,89,174,224,18,11,0,4
883,59,0,931,1339,0.399835,1,215,195,89,174,224,18,11,0,4
884,59,0,931,1339,0.399835,1,215,195,89,174,224,18,11,0,4
885,59,0,931,1339,0.399835,1,215,195,89,174,224,18,11,0,4
886,59,0,931,1339,0.399835,1,215,195,89,174,224,18,11,0,4
887,59,0,931,1339,0.399835,1,215,195,89,174,224,18,11,0,4
888,59,0,931,1339,0.399835,1,215,195,89,174,224,18,11,0,4
889,59,0,931,1339,0.399835,1,215,195,89,174,224,18,11,0,4
890,59,0,931,1339,0.399835,1,215,195,89,174,224,18,11,0,4
891,59,0,931,1339,0.399835,1,215,195,89,174,224,18,11,0,4
892,59,0,931,1339,0.399835,1,215,195,89,174,224,18,11,0,4
893,59,0,931,1339,0.399835,1,215,195,89,174,224,18,11,0,4
894,59,0,931,1339,0.399835,1,215,195,89,174,224,18,11,0,4
895,59,0,931,1339,0.399835,1,215,195,89,174,224,18,11,0,4
896,59,0,931,1339,0.399835,1,215,195,89,174,224,18,11,0,4
897,59,0,931,1339,0.399835,1,215,195,89,174,224,18,11,0,4
898,59,0,931,1339,0.399835,1,215,195,89,174,224,18,11,0,4
899,59,0,931,1339,0.399835,1,215,195,89,174,224,18,11,0,4
900,59,0,931,1339,0.399835,1,215,195,89,174,224,18,11,0,4
901,59,0,931,1339,0.399835,1,215,195,89,174,224,18,11,0,4
902,59,0,931,1339,0.399835,1,215,195,89,174,224,18,11,0,4
903,59,0,931,1339,0.399835,1,215,195,89,174,224,18,11,0,4
904,59,0,931,1339,0.399835,1,215,195,89,174,224,18,11,0,4
905,59,0,931,1339,0.399835,1,215,195,89,174,224,18,11,0,4
906,59,0,931,1339,0.399835,1,215,195,89,174,224,18,11,0,4
907,59,0,931,1339,0.399835,1,215,195,89,174,224,18,11,0,4
908,59,0,931,1339,0.399835,1,215,195,89,174,224,18,11,0,4
909,59,0,931,1339,0.399835,1,215,195,89,174,224,18,11,0,4
910,59,0,931,1339,0.399835,1,215,195,89,174,224,18,11,0,4
911,59,0,931,1339,0.399835,1,215,195,89,174,224,18,11,0,4
912,59,0,931,1339,0.399835,1,215,195,89,174,224,18,11,0,4
913,59,0,931,1339,0.399835,1,215,195,89,174,224,18,11,0,4
914,59,0,931,1339,0.399835,1,215,195,89,174,224,18,11,0,4
915,59,0,931,1339,0.399835,1,215,195,89,174,224,18,11,0,4
916,59,0,931,1339,0.399835,1,215,195,89,174,224,18,11,0,4
917,59,0,931,1339,0.399835,1,215,195,89,174,224,18,11,0,4
918,59,0,931,1339,0.399835,1,215,195,89,174,224,18,11,0,4
919,59,0,931,1339,0.399835,1,215,195,89,174,224,18,11,0,4
920,59,0,931,1339,0.399835,1,215,195,89,174,224,18,11,0,4
921,59,0,931,1339,0.399835,1,215,195,89,174,224,18,11,0,4
922,59,0,931,1339,0.399835,1,215,195,89,174,224,18,11,0,4
923,59,0,931,1339,0.399835,1,215,195,89,174,224,18,11,0,4
924,59,0,931,1339,0.399835,1,215,195,89,174,224,18,11,0,4
925,59,0,931,1339,0.399835,1,215,195,89,174,224,18,11,0,4
926,59,0,931,1339,0.399835,1,215,195,89,174,224,18,11,0,4
927,59,0,931,1339,0.399835,1,215,195,89,174,224,18,11,0,4
928,59,0,931,1339,0.399835,1,215,195,89,174,224,18,11,0,4
929,59,0,931,1339,0.399835,1,215,195,89,174,224,18,11,0,4
930,59,0,931,1339,0.399835,1,215,195,89,174,224,18,11,0,4
931,59,0,931,1339,0.399835,1,215,195,89,174,224,18,11,0,4
932,59,0,931,1339,0.399835,1,215,195,89,174,224,18,11,0,4
933,59,0,931,1339,0.399835,1,215,195,89,174,224,18,11,0,4
934,59,0,931,1339,0.399835,1,215,195,89,174,224,18,11,0,4
935,59,0,931,1339,0.399835,1,215,195,89,174,224,18,11,0,4
936,59,0,931,1339,0.399835,1,215,195,89,174,224,18,11,0,4
937,59,0,931,1339,0.399835,1,215,195,89,174,224,18,11,0,4
938,59,0,931,1339,0.399835,1,215,195,89,174,224,18,11,0,4
939,59,0,931,1339,0.399835,1,215,195,89,174,224,18,11,0,4
940,59,0,931,1339,0.399835,1,215,195,89,174,224,18,11,0,4
941,59,0,931,1339,0.399835,1,215,195,89,174,224,18,11,0,4
942,59,0,931,1339,0.399835,1,215,195,89,174,224,18,11,0,4
943,59,0,931,1339,0.399835,1,215,195,89,174,224,18,11,0,4
944,59,0,931,1339,0.399835,1,215,195,89,174,224,18,11,0,4
945,59,0,931,1339,0.399835,1,215,195,89,174,224,18,11,0,4
946,59,0,931,1339,0.399835,1,215,195,89,174,224,18,11,0,4
947,59,0,931,1339,0.399835,1,215,195,89,174,224,18,11,0,4
948,59,0,931,1339,0.399835,1,215,195,89,174,224,18,11,0,4
949,59,0,931,1339,0.399835,1,215,195,89,174,224,18,11,0,4
950,59,0,931,1339,0.399835,1,215,195,89,174,224,18,11,0,4
951,59,0,931,1339,0.399835,1,215,195,89,174,224,18,11,0,4
952,59,0,931,1339,0.399835,1,215,195,89,174,224,18,11,0,4
953,59,0,931,1339,0.399835,1,215,195,89,174,224,18,11,0,4
954,59,0,931,1339,0.399835,1,215,195,89,174,224,18,11,0,4
955,59,0,931,1339,0.399835,1,215,195,89,174,224,18,11,0,4
956,59,0,931,1339,0.399835,1,215,195,89,174,224,18,11,0,4
957,59,0,931,1339,0.399835,1,215,195,89,174,224,18,11,0,4
958,59,0,931,1339,0.399835,1,215,195,89,174,224,18,11,0,4
959,59,0,931,1339,0.399835,1,215,195,89,174,224,18,11,0,4
960,59,0,931,1339,0.399835,1,215,195,89,174,224,18,11,0,4
961,59,0,931,1339,0.399835,1,215,195,89,174,224,18,11,0,4
962,59,0,931,1339,0.399835,1,215,195,89,174,224,18,11,0,4
963,59,0,931,1339,0.399835,1,215,195,89,174,224,18,11,0,4
964,59,0,931,1339,0.399835,1,215,195,89,174,224,18,11,0,4
965,59,0,931,1339,0.399835,1,215,195,89,174,224,18,11,0,4
966,59,0,931,1339,0.399835,1,215,195,89,174,224,18,11,0,4
967,59,0,931,1339,0.399835,1,215,195,89,174,224,18,11,0,4
968,59,0,931,1339,0.399835,1,215,195,89,174,224,18,11,0,4
969,59,0,931,1339,0.399835,1,215,195,89,174,224,18,11,0,4
970,59,0,931,1339,0.399835,1,215,195,89,174,224,18,11,0,4
971,59,0,931,1339,0.399835,1,215,195,89,174,224,18,11,0,4
972,59,0,931,1339,0.399835,1,215,195,89,174,224,18,11,0,4
973,59,0,931,1339,0.399835,1,215,195,89,174,224,18,11,0,4
974,59,0,931,1339,0.399835,1,215,195,89,174,224,18,11,0,4
975,59,0,931,1339,0.399835,1,215,195,89,174,224,18,11,0,4
976,59,0,931,1339,0.399835,1,215,195,89,174,224,18,11,0,4
977,59,0,931,1339,0.399835,1,215,195,89,174,224,18,11,0,4
978,59,0,931,1339,0.399835,1,215,195,89,174,224,18,11,0,4
979,59,0,931,1339,0.399835,1,215,195,89,174,224,18,11,0,4
980,59,0,931,1339,0.399835,1,215,195,89,174,224,18,11,0,4
981,59,0,931,1339,0.399835,1,215,195,89,174,224,18,11,0,4
982,59,0,931,1339,0.399835,1,215,195,89,174,224,18,11,0,4
983,59,0,931,1339,0.399835,1,215,195,89,174,224,18,11,0,4
984,59,0,931,1339,0.399835,1,215,195,89,174,224,18,11,0,4
985,59,0,931,1339,0.399835,1,215,195,89,174,224,18,11,0,4
986,59,0,931,1339,0.399835,1,215,195,89,174,224,18,11,0,4
987,59,0,931,1339,0.399835,1,215,195,89,174,224,18,11,0,4
988,59,0,931,1339,0.399835,1,215,195,89,174,224,18,11,0,4
989,59,0,931,1339,0.399835,1,215,195,89,174,224,18,11,0,4
990,59,0,931,1339,0.399835,1,215,195,89,174,224,18,11,0,4
991,59,0,931,1339,0.399835,1,215,195,89,174,224,18,11,0,4
992,59,0,931,1339,0.399835,1,215,195,89,174,224,18,11,0,4
993,59,0,931,1339,0.399835,1,215,195,89,174,224,18,11,0,4
994,59,0,931,1339,0.399835,1,215,195,89,174,224,18,11,0,4
995,59,0,931,1339,0.399835,1,215,195,89,174,224,18,11,0,4
996,59,0,931,1339,0.399835,1,215,195,89,174,224,18,11,0,4
997,59,0,931,1339,0.399835,1,215,195,89,174,224,18,11,0,4
998,59,0,931,1339,0.399835,1,215,195,89,174,224,18,11,0,4
999,59,0,931,1339,0.399835,1,215,195,89,174,224,18,11,0,4
