update,bacteria_pop,phage_pop,lysogen_pop,arbitrium,mean_lysogeny_rate,Hist_0.0,Hist_0.1,Hist_0.2,Hist_0.3,Hist_0.4,Hist_0.5,Hist_0.6,Hist_0.7,Hist_0.8,Hist_0.9
0,1000,100,0,2,0.0979242,67,33,0,0,0,0,0,0,0,0
1,993,106,2,9,0.098229,71,37,0,0,0,0,0,0,0,0
2,986,122,2,16,0.094271,87,37,0,0,0,0,0,0,0,0
3,979,142,2,24,0.095653,98,46,0,0,0,0,0,0,0,0
4,971,162,2,33,0.0924804,117,47,0,0,0,0,0,0,0,0
5,965,181,2,41,0.0939689,127,56,0,0,0,0,0,0,0,0
6,954,215,3,55,0.0948348,151,67,0,0,0,0,0,0,0,0
7,947,230,4,66,0.0965478,161,73,0,0,0,0,0,0,0,0
8,942,241,6,75,0.0998396,156,91,0,0,0,0,0,0,0,0
9,937,260,6,84,0.0982081,173,93,0,0,0,0,0,0,0,0
10,930,286,6,96,0.0983209,194,98,0,0,0,0,0,0,0,0
11,923,304,7,108,0.0985313,208,103,0,0,0,0,0,0,0,0
12,916,327,9,121,0.098611,227,109,0,0,0,0,0,0,0,0
13,903,353,13,140,0.0996472,238,128,0,0,0,0,0,0,0,0
14,888,380,17,162,0.0995596,259,138,0,0,0,0,0,0,0,0
15,879,411,18,179,0.101087,268,161,0,0,0,0,0,0,0,0
16,868,449,19,199,0.100678,296,172,0,0,0,0,0,0,0,0
17,856,480,22,220,0.101358,314,188,0,0,0,0,0,0,0,0
18,843,513,26,243,0.101889,340,199,0,0,0,0,0,0,0,0
19,834,549,27,263,0.102337,361,215,0,0,0,0,0,0,0,0
20,830,557,28,278,0.102565,368,217,0,0,0,0,0,0,0,0
21,813,589,35,306,0.102436,395,229,0,0,0,0,0,0,0,0
22,801,629,37,330,0.101462,432,234,0,0,0,0,0,0,0,0
23,786,663,39,357,0.102035,454,248,0,0,0,0,0,0,0,0
24,765,730,39,391,0.10197,501,268,0,0,0,0,0,0,0,0
25,749,768,43,421,0.101429,531,280,0,0,0,0,0,0,0,0
26,722,852,45,463,0.100512,592,305,0,0,0,0,0,0,0,0
27,701,915,49,500,0.101389,618,346,0,0,0,0,0,0,0,0
28,684,965,54,534,0.100583,653,366,0,0,0,0,0,0,0,0
29,674,1001,59,561,0.100145,682,378,0,0,0,0,0,0,0,0
30,655,1061,63,597,0.10064,710,414,0,0,0,0,0,0,0,0
31,638,1109,68,632,0.100304,752,425,0,0,0,0,0,0,0,0
32,626,1153,69,662,0.10003,780,442,0,0,0,0,0,0,0,0
33,607,1208,73,700,0.099721,812,469,0,0,0,0,0,0,0,0
34,592,1251,76,734,0.0994075,841,486,0,0,0,0,0,0,0,0
35,570,1319,82,775,0.0989817,893,508,0,0,0,0,0,0,0,0
36,556,1357,86,808,0.0992963,920,523,0,0,0,0,0,0,0,0
37,538,1414,87,845,0.0989845,953,548,0,0,0,0,0,0,0,0
38,528,1447,92,875,0.0986549,982,557,0,0,0,0,0,0,0,0
39,520,1472,96,903,0.098878,1006,562,0,0,0,0,0,0,0,0
40,494,1519,105,948,0.0987797,1059,565,0,0,0,0,0,0,0,0
41,467,1599,110,994,0.0988569,1116,593,0,0,0,0,0,0,0,0
42,452,1651,114,1028,0.0988273,1163,602,0,0,0,0,0,0,0,0
43,432,1700,119,1067,0.0986582,1191,628,0,0,0,0,0,0,0,0
44,403,1766,126,1115,0.0995206,1223,669,0,0,0,0,0,0,0,0
45,389,1793,131,1147,0.100205,1232,692,0,0,0,0,0,0,0,0
46,367,1832,140,1187,0.0995133,1272,700,0,0,0,0,0,0,0,0
47,356,1854,145,1216,0.0990896,1294,705,0,0,0,0,0,0,0,0
48,339,1903,152,1250,0.0990733,1338,717,0,0,0,0,0,0,0,0
49,317,1969,157,1289,0.0996348,1371,755,0,0,0,0,0,0,0,0
50,305,1968,168,1317,0.100019,1361,775,0,0,0,0,0,0,0,0
51,294,1961,179,1344,0.100152,1367,773,0,0,0,0,0,0,0,0
52,274,1983,190,1379,0.100549,1379,794,0,0,0,0,0,0,0,0
53,258,2013,197,1409,0.100707,1402,808,0,0,0,0,0,0,0,0
54,253,2007,206,1428,0.100299,1414,799,0,0,0,0,0,0,0,0
55,239,2018,217,1455,0.0999348,1435,800,0,0,0,0,0,0,0,0
56,229,2011,228,1478,0.0998107,1444,795,0,0,0,0,0,0,0,0
57,216,2023,238,1503,0.0995744,1452,809,0,0,0,0,0,0,0,0
58,193,2063,249,1537,0.0998545,1475,837,0,0,0,0,0,0,0,0
59,179,2037,264,1561,0.0998721,1473,828,0,0,0,0,0,0,0,0
60,169,2006,280,1580,0.0994511,1471,815,0,0,0,0,0,0,0,0
61,159,1989,292,1599,0.099355,1468,813,0,0,0,0,0,0,0,0
62,153,1966,306,1613,0.099897,1455,817,0,0,0,0,0,0,0,0
63,138,1964,321,1636,0.100477,1444,841,0,0,0,0,0,0,0,0
64,131,1953,331,1650,0.100724,1434,850,0,0,0,0,0,0,0,0
65,122,1929,345,1666,0.10104,1417,857,0,0,0,0,0,0,0,0
66,114,1918,357,1680,0.100691,1433,842,0,0,0,0,0,0,0,0
67,107,1892,371,1693,0.101062,1415,848,0,0,0,0,0,0,0,0
68,104,1848,385,1701,0.101469,1388,845,0,0,0,0,0,0,0,0
69,101,1804,401,1709,0.101922,1357,848,0,0,0,0,0,0,0,0
70,102,1758,417,1713,0.101908,1341,834,0,0,0,0,0,0,0,0
71,94,1715,435,1725,0.102313,1314,836,0,0,0,0,0,0,0,0
72,92,1634,455,1731,0.102882,1258,831,0,0,0,0,0,0,0,0
73,93,1593,468,1734,0.102822,1244,817,0,0,0,0,0,0,0,0
74,89,1576,481,1742,0.102928,1240,817,0,0,0,0,0,0,0,0
75,89,1508,497,1745,0.103196,1204,801,0,0,0,0,0,0,0,0
76,84,1466,510,1753,0.102898,1187,789,0,0,0,0,0,0,0,0
77,78,1431,527,1762,0.103502,1159,799,0,0,0,0,0,0,0,0
78,78,1377,542,1765,0.103682,1133,786,0,0,0,0,0,0,0,0
79,78,1342,554,1767,0.104151,1111,785,0,0,0,0,0,0,0,0
80,77,1274,571,1770,0.104692,1071,774,0,0,0,0,0,0,0,0
81,74,1224,588,1775,0.105161,1049,763,0,0,0,0,0,0,0,0
82,72,1179,601,1779,0.105316,1027,753,0,0,0,0,0,0,0,0
83,69,1172,610,1784,0.105845,1018,764,0,0,0,0,0,0,0,0
84,64,1144,623,1791,0.105966,1016,751,0,0,0,0,0,0,0,0
85,63,1107,635,1794,0.106709,989,753,0,0,0,0,0,0,0,0
86,60,1061,648,1798,0.107575,950,759,0,0,0,0,0,0,0,0
87,58,1014,661,1801,0.107992,926,749,0,0,0,0,0,0,0,0
88,55,969,672,1805,0.108574,895,746,0,0,0,0,0,0,0,0
89,53,943,683,1808,0.108981,884,742,0,0,0,0,0,0,0,0
90,54,895,697,1808,0.109128,862,730,0,0,0,0,0,0,0,0
91,52,858,710,1811,0.109257,842,726,0,0,0,0,0,0,0,0
92,49,824,722,1815,0.109498,829,717,0,0,0,0,0,0,0,0
93,49,765,735,1816,0.109915,796,704,0,0,0,0,0,0,0,0
94,47,744,744,1819,0.109687,793,695,0,0,0,0,0,0,0,0
95,43,714,754,1823,0.110071,776,692,0,0,0,0,0,0,0,0
96,40,698,763,1826,0.11097,759,702,0,0,0,0,0,0,0,0
97,38,639,778,1828,0.111326,731,686,0,0,0,0,0,0,0,0
98,37,635,782,1829,0.111466,728,689,0,0,0,0,0,0,0,0
99,37,612,790,1829,0.111559,723,679,0,0,0,0,0,0,0,0
100,34,581,797,1832,0.11148,714,664,0,0,0,0,0,0,0,0
101,34,566,803,1832,0.111783,703,666,0,0,0,0,0,0,0,0
102,32,585,801,1834,0.111695,709,677,0,0,0,0,0,0,0,0
103,31,556,809,1835,0.111755,698,667,0,0,0,0,0,0,0,0
104,30,537,816,1836,0.112081,691,662,0,0,0,0,0,0,0,0
105,29,545,820,1837,0.112323,696,669,0,0,0,0,0,0,0,0
106,29,522,825,1837,0.112555,685,662,0,0,0,0,0,0,0,0
107,29,501,830,1837,0.112964,671,660,0,0,0,0,0,0,0,0
108,29,506,830,1837,0.112947,675,661,0,0,0,0,0,0,0,0
109,26,519,829,1840,0.113192,676,672,0,0,0,0,0,0,0,0
110,26,491,835,1840,0.113528,657,669,0,0,0,0,0,0,0,0
111,26,464,841,1840,0.113927,635,670,0,0,0,0,0,0,0,0
112,24,461,844,1842,0.114672,618,687,0,0,0,0,0,0,0,0
113,24,433,851,1842,0.114729,604,680,0,0,0,0,0,0,0,0
114,24,467,845,1842,0.114733,616,696,0,0,0,0,0,0,0,0
115,24,449,850,1842,0.114809,611,688,0,0,0,0,0,0,0,0
116,21,436,853,1845,0.114823,603,686,0,0,0,0,0,0,0,0
117,21,405,859,1845,0.114909,594,670,0,0,0,0,0,0,0,0
118,21,399,862,1845,0.114831,598,663,0,0,0,0,0,0,0,0
119,20,389,867,1846,0.115004,592,664,0,0,0,0,0,0,0,0
120,18,420,860,1848,0.115664,587,693,0,0,0,0,0,0,0,0
121,17,418,863,1849,0.115654,588,693,0,0,0,0,0,0,0,0
122,17,412,864,1849,0.115595,585,691,0,0,0,0,0,0,0,0
123,17,413,866,1849,0.116074,579,700,0,0,0,0,0,0,0,0
124,17,415,865,1849,0.115188,598,682,0,0,0,0,0,0,0,0
125,16,419,867,1850,0.114994,601,685,0,0,0,0,0,0,0,0
126,15,403,871,1851,0.114965,595,679,0,0,0,0,0,0,0,0
127,15,410,871,1851,0.115323,590,691,0,0,0,0,0,0,0,0
128,14,413,872,1852,0.115462,593,692,0,0,0,0,0,0,0,0
129,13,415,872,1853,0.115336,597,690,0,0,0,0,0,0,0,0
130,13,401,877,1853,0.115238,594,684,0,0,0,0,0,0,0,0
131,13,417,875,1853,0.114825,612,680,0,0,0,0,0,0,0,0
132,12,419,875,1854,0.114752,618,676,0,0,0,0,0,0,0,0
133,12,417,875,1854,0.115038,611,681,0,0,0,0,0,0,0,0
134,11,407,877,1855,0.115046,607,677,0,0,0,0,0,0,0,0
135,11,389,883,1855,0.114866,605,667,0,0,0,0,0,0,0,0
136,11,395,881,1855,0.115001,606,670,0,0,0,0,0,0,0,0
137,11,398,879,1855,0.114767,610,667,0,0,0,0,0,0,0,0
138,10,395,880,1856,0.114747,606,669,0,0,0,0,0,0,0,0
139,9,400,878,1857,0.115358,596,682,0,0,0,0,0,0,0,0
140,9,402,878,1857,0.115233,604,676,0,0,0,0,0,0,0,0
141,9,410,879,1857,0.11563,601,688,0,0,0,0,0,0,0,0
142,9,400,882,1857,0.115512,597,685,0,0,0,0,0,0,0,0
143,8,402,882,1858,0.115698,594,690,0,0,0,0,0,0,0,0
144,8,407,881,1858,0.115737,593,695,0,0,0,0,0,0,0,0
145,8,390,886,1858,0.1156,589,687,0,0,0,0,0,0,0,0
146,8,386,887,1858,0.115649,590,683,0,0,0,0,0,0,0,0
147,7,376,890,1859,0.115803,583,683,0,0,0,0,0,0,0,0
148,7,360,895,1859,0.115855,577,678,0,0,0,0,0,0,0,0
149,7,357,896,1859,0.115513,585,668,0,0,0,0,0,0,0,0
150,7,344,900,1859,0.115241,587,657,0,0,0,0,0,0,0,0
151,7,340,900,1859,0.115272,586,654,0,0,0,0,0,0,0,0
152,7,329,903,1859,0.115206,581,651,0,0,0,0,0,0,0,0
153,7,324,905,1859,0.115302,573,656,0,0,0,0,0,0,0,0
154,7,316,906,1859,0.115506,569,653,0,0,0,0,0,0,0,0
155,6,317,906,1860,0.115216,577,646,0,0,0,0,0,0,0,0
156,6,344,899,1860,0.114675,596,647,0,0,0,0,0,0,0,0
157,6,335,899,1860,0.114482,594,640,0,0,0,0,0,0,0,0
158,6,343,898,1860,0.114913,587,654,0,0,0,0,0,0,0,0
159,6,344,897,1860,0.114702,595,646,0,0,0,0,0,0,0,0
160,6,338,897,1860,0.114309,599,636,0,0,0,0,0,0,0,0
161,6,345,896,1860,0.114045,612,629,0,0,0,0,0,0,0,0
162,6,350,893,1860,0.114352,604,639,0,0,0,0,0,0,0,0
163,6,353,893,1860,0.114818,597,649,0,0,0,0,0,0,0,0
164,6,363,891,1860,0.114473,608,646,0,0,0,0,0,0,0,0
165,6,368,892,1860,0.114333,614,646,0,0,0,0,0,0,0,0
166,6,386,890,1860,0.114074,629,647,0,0,0,0,0,0,0,0
167,6,376,890,1860,0.114166,624,642,0,0,0,0,0,0,0,0
168,6,384,891,1860,0.114158,623,652,0,0,0,0,0,0,0,0
169,6,392,885,1860,0.114162,619,658,0,0,0,0,0,0,0,0
170,6,386,885,1860,0.11393,624,647,0,0,0,0,0,0,0,0
171,6,382,889,1860,0.11388,623,648,0,0,0,0,0,0,0,0
172,6,377,889,1860,0.114394,612,654,0,0,0,0,0,0,0,0
173,6,379,890,1860,0.114466,617,652,0,0,0,0,0,0,0,0
174,6,372,891,1860,0.11448,618,645,0,0,0,0,0,0,0,0
175,6,369,890,1860,0.114373,614,645,0,0,0,0,0,0,0,0
176,6,368,890,1860,0.114256,614,644,0,0,0,0,0,0,0,0
177,6,382,888,1860,0.114129,625,645,0,0,0,0,0,0,0,0
178,6,389,885,1860,0.113841,628,646,0,0,0,0,0,0,0,0
179,6,372,887,1860,0.113595,628,631,0,0,0,0,0,0,0,0
180,6,368,889,1860,0.11337,633,624,0,0,0,0,0,0,0,0
181,6,361,891,1860,0.11312,632,620,0,0,0,0,0,0,0,0
182,5,347,895,1861,0.112979,625,617,0,0,0,0,0,0,0,0
183,5,399,883,1861,0.113865,631,651,0,0,0,0,0,0,0,0
184,5,390,885,1861,0.113738,633,642,0,0,0,0,0,0,0,0
185,5,391,884,1861,0.113913,629,646,0,0,0,0,0,0,0,0
186,5,387,884,1861,0.113869,627,644,0,0,0,0,0,0,0,0
187,5,413,878,1861,0.113854,636,655,0,0,0,0,0,0,0,0
188,5,434,873,1861,0.114119,638,669,0,0,0,0,0,0,0,0
189,5,461,867,1861,0.11382,656,672,0,0,0,0,0,0,0,0
190,5,449,869,1861,0.113857,646,672,0,0,0,0,0,0,0,0
191,5,456,869,1861,0.113383,660,665,0,0,0,0,0,0,0,0
192,5,449,871,1861,0.113591,657,663,0,0,0,0,0,0,0,0
193,5,444,872,1861,0.113736,650,666,0,0,0,0,0,0,0,0
194,5,433,873,1861,0.113969,640,666,0,0,0,0,0,0,0,0
195,5,419,876,1861,0.114061,630,665,0,0,0,0,0,0,0,0
196,5,409,878,1861,0.113868,629,658,0,0,0,0,0,0,0,0
197,5,413,878,1861,0.114154,625,666,0,0,0,0,0,0,0,0
198,4,416,877,1862,0.113759,636,657,0,0,0,0,0,0,0,0
199,4,416,881,1862,0.113418,645,652,0,0,0,0,0,0,0,0
200,4,425,880,1862,0.113421,649,656,0,0,0,0,0,0,0,0
201,4,417,883,1862,0.113183,651,649,0,0,0,0,0,0,0,0
202,4,404,885,1862,0.113207,642,647,0,0,0,0,0,0,0,0
203,4,388,888,1862,0.112916,641,635,0,0,0,0,0,0,0,0
204,4,394,888,1862,0.112914,643,639,0,0,0,0,0,0,0,0
205,4,409,885,1862,0.113074,645,649,0,0,0,0,0,0,0,0
206,4,406,885,1862,0.113209,638,653,0,0,0,0,0,0,0,0
207,4,399,888,1862,0.112842,639,648,0,0,0,0,0,0,0,0
208,3,383,893,1863,0.113033,626,650,0,0,0,0,0,0,0,0
209,3,412,888,1863,0.113078,642,658,0,0,0,0,0,0,0,0
210,3,406,889,1863,0.112538,655,640,0,0,0,0,0,0,0,0
211,3,392,895,1863,0.112955,643,644,0,0,0,0,0,0,0,0
212,3,405,892,1863,0.112793,650,647,0,0,0,0,0,0,0,0
213,3,391,895,1863,0.112973,639,647,0,0,0,0,0,0,0,0
214,3,397,895,1863,0.112963,643,649,0,0,0,0,0,0,0,0
215,3,386,897,1863,0.113273,629,654,0,0,0,0,0,0,0,0
216,1,386,895,1865,0.112964,639,642,0,0,0,0,0,0,0,0
217,1,411,890,1865,0.113623,636,665,0,0,0,0,0,0,0,0
218,1,391,895,1865,0.113541,627,659,0,0,0,0,0,0,0,0
219,1,399,892,1865,0.113349,631,660,0,0,0,0,0,0,0,0
220,1,391,895,1865,0.113674,625,661,0,0,0,0,0,0,0,0
221,1,414,890,1865,0.113504,642,662,0,0,0,0,0,0,0,0
222,1,396,892,1865,0.113514,631,657,0,0,0,0,0,0,0,0
223,1,391,895,1865,0.113557,628,658,0,0,0,0,0,0,0,0
224,1,402,891,1865,0.113116,636,657,0,0,0,0,0,0,0,0
225,1,411,887,1865,0.112857,640,658,0,0,0,0,0,0,0,0
226,1,400,889,1865,0.11246,642,647,0,0,0,0,0,0,0,0
227,1,389,891,1865,0.112199,641,639,0,0,0,0,0,0,0,0
228,1,386,893,1865,0.112273,642,637,0,0,0,0,0,0,0,0
229,1,376,896,1865,0.112038,643,629,0,0,0,0,0,0,0,0
230,1,378,897,1865,0.111664,650,625,0,0,0,0,0,0,0,0
231,1,390,896,1865,0.111458,661,625,0,0,0,0,0,0,0,0
232,0,399,894,1866,0.111674,659,634,0,0,0,0,0,0,0,0
233,0,406,892,1866,0.112028,653,645,0,0,0,0,0,0,0,0
234,0,415,890,1866,0.112161,648,657,0,0,0,0,0,0,0,0
235,0,408,893,1866,0.111823,654,647,0,0,0,0,0,0,0,0
236,0,404,893,1866,0.111829,653,644,0,0,0,0,0,0,0,0
237,0,388,896,1866,0.112036,641,643,0,0,0,0,0,0,0,0
238,0,385,896,1866,0.111998,641,640,0,0,0,0,0,0,0,0
239,0,384,897,1866,0.111881,645,636,0,0,0,0,0,0,0,0
240,0,378,899,1866,0.111881,647,630,0,0,0,0,0,0,0,0
241,0,395,896,1866,0.111958,655,636,0,0,0,0,0,0,0,0
242,0,388,897,1866,0.112296,646,639,0,0,0,0,0,0,0,0
243,0,376,899,1866,0.112086,647,628,0,0,0,0,0,0,0,0
244,0,377,899,1866,0.11195,653,623,0,0,0,0,0,0,0,0
245,0,373,901,1866,0.111932,654,620,0,0,0,0,0,0,0,0
246,0,394,897,1866,0.112345,652,639,0,0,0,0,0,0,0,0
247,0,387,900,1866,0.112117,653,634,0,0,0,0,0,0,0,0
248,0,375,902,1866,0.112482,640,637,0,0,0,0,0,0,0,0
249,0,374,901,1866,0.112231,640,635,0,0,0,0,0,0,0,0
250,0,363,903,1866,0.112349,635,631,0,0,0,0,0,0,0,0
251,0,389,897,1866,0.111926,659,627,0,0,0,0,0,0,0,0
252,0,366,900,1866,0.112379,644,622,0,0,0,0,0,0,0,0
253,0,363,901,1866,0.112821,633,631,0,0,0,0,0,0,0,0
254,0,357,901,1866,0.113242,624,634,0,0,0,0,0,0,0,0
255,0,338,904,1866,0.113383,610,632,0,0,0,0,0,0,0,0
256,0,322,909,1866,0.113305,607,624,0,0,0,0,0,0,0,0
257,0,336,907,1866,0.11362,602,641,0,0,0,0,0,0,0,0
258,0,346,906,1866,0.114005,600,652,0,0,0,0,0,0,0,0
259,0,348,906,1866,0.114292,598,656,0,0,0,0,0,0,0,0
260,0,350,907,1866,0.114053,603,654,0,0,0,0,0,0,0,0
261,0,366,902,1866,0.114444,597,671,0,0,0,0,0,0,0,0
262,0,372,900,1866,0.114714,592,680,0,0,0,0,0,0,0,0
263,0,360,902,1866,0.114753,585,677,0,0,0,0,0,0,0,0
264,0,366,901,1866,0.114613,593,674,0,0,0,0,0,0,0,0
265,0,371,897,1866,0.114694,593,675,0,0,0,0,0,0,0,0
266,0,352,900,1866,0.11467,587,665,0,0,0,0,0,0,0,0
267,0,372,895,1866,0.114939,588,679,0,0,0,0,0,0,0,0
268,0,369,896,1866,0.115111,588,677,0,0,0,0,0,0,0,0
269,0,389,892,1866,0.114701,603,678,0,0,0,0,0,0,0,0
270,0,369,897,1866,0.114706,595,671,0,0,0,0,0,0,0,0
271,0,332,905,1866,0.114715,579,658,0,0,0,0,0,0,0,0
272,0,335,905,1866,0.114386,584,656,0,0,0,0,0,0,0,0
273,0,338,902,1866,0.114397,581,659,0,0,0,0,0,0,0,0
274,0,340,902,1866,0.114696,574,668,0,0,0,0,0,0,0,0
275,0,362,897,1866,0.114548,587,672,0,0,0,0,0,0,0,0
276,0,364,899,1866,0.11514,579,684,0,0,0,0,0,0,0,0
277,0,351,904,1866,0.115443,570,685,0,0,0,0,0,0,0,0
278,0,366,901,1866,0.115701,572,695,0,0,0,0,0,0,0,0
279,0,368,900,1866,0.115791,576,692,0,0,0,0,0,0,0,0
280,0,367,900,1866,0.115328,587,680,0,0,0,0,0,0,0,0
281,0,376,898,1866,0.115594,581,693,0,0,0,0,0,0,0,0
282,0,378,897,1866,0.115347,584,691,0,0,0,0,0,0,0,0
283,0,383,894,1866,0.115243,585,692,0,0,0,0,0,0,0,0
284,0,385,896,1866,0.115281,586,695,0,0,0,0,0,0,0,0
285,0,388,897,1866,0.115238,588,697,0,0,0,0,0,0,0,0
286,0,424,890,1866,0.115119,609,705,0,0,0,0,0,0,0,0
287,0,420,893,1866,0.115091,610,703,0,0,0,0,0,0,0,0
288,0,422,894,1866,0.11455,614,702,0,0,0,0,0,0,0,0
289,0,401,900,1866,0.114958,599,702,0,0,0,0,0,0,0,0
290,0,400,902,1866,0.114831,603,699,0,0,0,0,0,0,0,0
291,0,404,899,1866,0.11492,604,699,0,0,0,0,0,0,0,0
292,0,396,899,1866,0.115134,596,699,0,0,0,0,0,0,0,0
293,0,412,897,1866,0.115464,599,710,0,0,0,0,0,0,0,0
294,0,427,893,1866,0.115814,596,724,0,0,0,0,0,0,0,0
295,0,411,897,1866,0.115381,602,706,0,0,0,0,0,0,0,0
296,0,399,898,1866,0.115714,589,708,0,0,0,0,0,0,0,0
297,0,386,900,1866,0.116084,578,708,0,0,0,0,0,0,0,0
298,0,396,899,1866,0.115863,586,709,0,0,0,0,0,0,0,0
299,0,410,894,1866,0.11602,592,712,0,0,0,0,0,0,0,0
300,0,417,893,1866,0.115487,608,702,0,0,0,0,0,0,0,0
301,0,412,896,1866,0.115492,607,701,0,0,0,0,0,0,0,0
302,0,424,895,1866,0.115587,615,704,0,0,0,0,0,0,0,0
303,0,424,895,1866,0.115265,620,699,0,0,0,0,0,0,0,0
304,0,427,894,1866,0.115189,623,698,0,0,0,0,0,0,0,0
305,0,429,894,1866,0.11513,629,694,0,0,0,0,0,0,0,0
306,0,440,890,1866,0.114924,633,697,0,0,0,0,0,0,0,0
307,0,432,891,1866,0.115585,622,701,0,0,0,0,0,0,0,0
308,0,415,891,1866,0.115535,615,691,0,0,0,0,0,0,0,0
309,0,419,890,1866,0.115616,614,695,0,0,0,0,0,0,0,0
310,0,405,892,1866,0.115525,615,682,0,0,0,0,0,0,0,0
311,0,396,893,1866,0.115224,614,675,0,0,0,0,0,0,0,0
312,0,394,896,1866,0.115457,604,686,0,0,0,0,0,0,0,0
313,0,369,901,1866,0.115385,596,674,0,0,0,0,0,0,0,0
314,0,356,902,1866,0.115398,590,668,0,0,0,0,0,0,0,0
315,0,364,899,1866,0.114928,602,661,0,0,0,0,0,0,0,0
316,0,357,900,1866,0.115027,595,662,0,0,0,0,0,0,0,0
317,0,364,899,1866,0.115702,586,677,0,0,0,0,0,0,0,0
318,0,351,902,1866,0.115412,585,668,0,0,0,0,0,0,0,0
319,0,340,905,1866,0.115601,579,666,0,0,0,0,0,0,0,0
320,0,347,905,1866,0.115707,583,669,0,0,0,0,0,0,0,0
321,0,354,905,1866,0.115593,585,674,0,0,0,0,0,0,0,0
322,0,344,906,1866,0.115848,574,676,0,0,0,0,0,0,0,0
323,0,362,903,1866,0.115873,584,681,0,0,0,0,0,0,0,0
324,0,354,905,1866,0.115936,577,682,0,0,0,0,0,0,0,0
325,0,344,906,1866,0.116165,569,681,0,0,0,0,0,0,0,0
326,0,354,903,1866,0.11632,566,691,0,0,0,0,0,0,0,0
327,0,354,902,1866,0.116829,558,698,0,0,0,0,0,0,0,0
328,0,351,900,1866,0.116477,566,685,0,0,0,0,0,0,0,0
329,0,362,897,1866,0.116592,566,693,0,0,0,0,0,0,0,0
330,0,378,894,1866,0.116351,573,699,0,0,0,0,0,0,0,0
331,0,381,892,1866,0.115721,586,687,0,0,0,0,0,0,0,0
332,0,405,887,1866,0.115687,594,698,0,0,0,0,0,0,0,0
333,0,405,890,1866,0.115491,598,697,0,0,0,0,0,0,0,0
334,0,415,886,1866,0.114992,606,695,0,0,0,0,0,0,0,0
335,0,416,886,1866,0.115144,606,696,0,0,0,0,0,0,0,0
336,0,407,890,1866,0.11474,615,682,0,0,0,0,0,0,0,0
337,0,419,887,1866,0.114939,613,693,0,0,0,0,0,0,0,0
338,0,426,887,1866,0.114631,622,691,0,0,0,0,0,0,0,0
339,0,420,891,1866,0.114692,618,693,0,0,0,0,0,0,0,0
340,0,437,887,1866,0.115087,616,708,0,0,0,0,0,0,0,0
341,0,424,886,1866,0.115378,609,701,0,0,0,0,0,0,0,0
342,0,437,881,1866,0.115956,605,713,0,0,0,0,0,0,0,0
343,0,450,877,1866,0.115407,626,701,0,0,0,0,0,0,0,0
344,0,433,881,1866,0.115039,623,691,0,0,0,0,0,0,0,0
345,0,443,879,1866,0.115162,628,694,0,0,0,0,0,0,0,0
346,0,455,879,1866,0.114748,643,691,0,0,0,0,0,0,0,0
347,0,458,879,1866,0.11431,652,685,0,0,0,0,0,0,0,0
348,0,458,881,1866,0.11467,642,697,0,0,0,0,0,0,0,0
349,0,449,882,1866,0.1149,632,699,0,0,0,0,0,0,0,0
350,0,447,881,1866,0.115356,623,705,0,0,0,0,0,0,0,0
351,0,430,885,1866,0.115487,613,702,0,0,0,0,0,0,0,0
352,0,442,884,1866,0.115326,618,708,0,0,0,0,0,0,0,0
353,0,419,889,1866,0.115475,605,703,0,0,0,0,0,0,0,0
354,0,474,878,1866,0.11564,616,736,0,0,0,0,0,0,0,0
355,0,462,882,1866,0.115185,622,722,0,0,0,0,0,0,0,0
356,0,471,878,1866,0.114871,633,716,0,0,0,0,0,0,0,0
357,0,465,880,1866,0.114901,631,714,0,0,0,0,0,0,0,0
358,0,462,881,1866,0.114962,628,715,0,0,0,0,0,0,0,0
359,0,455,882,1866,0.114841,623,714,0,0,0,0,0,0,0,0
360,0,472,878,1866,0.11443,639,711,0,0,0,0,0,0,0,0
361,0,447,882,1866,0.113915,636,693,0,0,0,0,0,0,0,0
362,0,428,885,1866,0.114012,629,684,0,0,0,0,0,0,0,0
363,0,412,890,1866,0.114047,622,680,0,0,0,0,0,0,0,0
364,0,422,889,1866,0.113973,625,686,0,0,0,0,0,0,0,0
365,0,418,890,1866,0.11396,623,685,0,0,0,0,0,0,0,0
366,0,434,883,1866,0.114358,626,691,0,0,0,0,0,0,0,0
367,0,420,888,1866,0.114651,613,695,0,0,0,0,0,0,0,0
368,0,437,884,1866,0.114803,617,704,0,0,0,0,0,0,0,0
369,0,425,888,1866,0.114719,617,696,0,0,0,0,0,0,0,0
370,0,409,891,1866,0.114409,613,687,0,0,0,0,0,0,0,0
371,0,397,894,1866,0.114658,606,685,0,0,0,0,0,0,0,0
372,0,399,893,1866,0.115095,596,696,0,0,0,0,0,0,0,0
373,0,411,892,1866,0.114998,600,703,0,0,0,0,0,0,0,0
374,0,414,891,1866,0.115159,597,708,0,0,0,0,0,0,0,0
375,0,404,894,1866,0.115106,591,707,0,0,0,0,0,0,0,0
376,0,382,899,1866,0.115147,581,700,0,0,0,0,0,0,0,0
377,0,400,896,1866,0.115189,587,709,0,0,0,0,0,0,0,0
378,0,392,898,1866,0.114798,593,697,0,0,0,0,0,0,0,0
379,0,434,889,1866,0.114717,608,715,0,0,0,0,0,0,0,0
380,0,430,890,1866,0.114577,609,711,0,0,0,0,0,0,0,0
381,0,402,893,1866,0.114321,606,689,0,0,0,0,0,0,0,0
382,0,380,897,1866,0.114581,590,687,0,0,0,0,0,0,0,0
383,0,396,894,1866,0.11457,598,692,0,0,0,0,0,0,0,0
384,0,405,892,1866,0.11389,615,682,0,0,0,0,0,0,0,0
385,0,406,891,1866,0.113948,611,686,0,0,0,0,0,0,0,0
386,0,379,897,1866,0.114078,600,676,0,0,0,0,0,0,0,0
387,0,368,902,1866,0.114112,598,672,0,0,0,0,0,0,0,0
388,0,372,900,1866,0.114133,597,675,0,0,0,0,0,0,0,0
389,0,355,902,1866,0.114407,581,676,0,0,0,0,0,0,0,0
390,0,353,901,1866,0.114563,574,680,0,0,0,0,0,0,0,0
391,0,349,902,1866,0.114175,582,669,0,0,0,0,0,0,0,0
392,0,369,899,1866,0.114404,585,683,0,0,0,0,0,0,0,0
393,0,393,894,1866,0.114179,597,690,0,0,0,0,0,0,0,0
394,0,391,892,1866,0.114805,585,698,0,0,0,0,0,0,0,0
395,0,396,891,1866,0.11469,591,696,0,0,0,0,0,0,0,0
396,0,419,888,1866,0.114287,605,702,0,0,0,0,0,0,0,0
397,0,415,890,1866,0.114142,604,701,0,0,0,0,0,0,0,0
398,0,411,892,1866,0.114367,593,710,0,0,0,0,0,0,0,0
399,0,387,896,1866,0.114242,591,692,0,0,0,0,0,0,0,0
400,0,394,897,1866,0.115025,579,712,0,0,0,0,0,0,0,0
401,0,380,901,1866,0.11466,583,698,0,0,0,0,0,0,0,0
402,0,369,903,1866,0.11437,580,692,0,0,0,0,0,0,0,0
403,0,385,900,1866,0.114433,586,699,0,0,0,0,0,0,0,0
404,0,372,903,1866,0.114121,591,684,0,0,0,0,0,0,0,0
405,0,397,896,1866,0.11469,592,701,0,0,0,0,0,0,0,0
406,0,407,895,1866,0.115117,584,718,0,0,0,0,0,0,0,0
407,0,406,895,1866,0.115168,584,717,0,0,0,0,0,0,0,0
408,0,393,898,1866,0.115124,575,716,0,0,0,0,0,0,0,0
409,0,401,896,1866,0.115278,572,725,0,0,0,0,0,0,0,0
410,0,413,894,1866,0.115608,569,738,0,0,0,0,0,0,0,0
411,0,416,895,1866,0.115549,572,739,0,0,0,0,0,0,0,0
412,0,387,900,1866,0.115624,561,726,0,0,0,0,0,0,0,0
413,0,410,896,1866,0.115296,580,726,0,0,0,0,0,0,0,0
414,0,419,893,1866,0.114923,591,721,0,0,0,0,0,0,0,0
415,0,418,893,1866,0.114634,598,713,0,0,0,0,0,0,0,0
416,0,415,892,1866,0.114717,596,711,0,0,0,0,0,0,0,0
417,0,408,893,1866,0.114812,594,707,0,0,0,0,0,0,0,0
418,0,399,893,1866,0.115337,583,709,0,0,0,0,0,0,0,0
419,0,406,891,1866,0.115681,579,718,0,0,0,0,0,0,0,0
420,0,400,891,1866,0.115527,576,715,0,0,0,0,0,0,0,0
421,0,402,891,1866,0.115515,579,714,0,0,0,0,0,0,0,0
422,0,411,888,1866,0.115297,584,715,0,0,0,0,0,0,0,0
423,0,434,883,1866,0.11522,592,725,0,0,0,0,0,0,0,0
424,0,432,885,1866,0.115639,587,730,0,0,0,0,0,0,0,0
425,0,437,884,1866,0.116209,576,745,0,0,0,0,0,0,0,0
426,0,458,881,1866,0.116372,580,759,0,0,0,0,0,0,0,0
427,0,439,883,1866,0.116374,573,749,0,0,0,0,0,0,0,0
428,0,450,882,1866,0.116559,571,761,0,0,0,0,0,0,0,0
429,0,443,882,1866,0.115995,574,751,0,0,0,0,0,0,0,0
430,0,463,873,1866,0.115862,588,748,0,0,0,0,0,0,0,0
431,0,448,877,1866,0.115528,593,732,0,0,0,0,0,0,0,0
432,0,445,877,1866,0.115699,591,731,0,0,0,0,0,0,0,0
433,0,449,878,1866,0.115584,596,731,0,0,0,0,0,0,0,0
434,0,433,884,1866,0.11577,590,727,0,0,0,0,0,0,0,0
435,0,465,880,1866,0.11566,601,744,0,0,0,0,0,0,0,0
436,0,453,881,1866,0.115478,599,735,0,0,0,0,0,0,0,0
437,0,469,876,1866,0.11519,612,733,0,0,0,0,0,0,0,0
438,0,452,883,1866,0.114924,614,721,0,0,0,0,0,0,0,0
439,0,453,882,1866,0.114898,614,721,0,0,0,0,0,0,0,0
440,0,455,881,1866,0.115247,611,725,0,0,0,0,0,0,0,0
441,0,453,883,1866,0.115108,610,726,0,0,0,0,0,0,0,0
442,0,449,885,1866,0.114815,617,717,0,0,0,0,0,0,0,0
443,0,428,888,1866,0.114861,609,707,0,0,0,0,0,0,0,0
444,0,415,892,1866,0.114991,602,705,0,0,0,0,0,0,0,0
445,0,404,896,1866,0.115374,596,704,0,0,0,0,0,0,0,0
446,0,415,894,1866,0.11494,611,698,0,0,0,0,0,0,0,0
447,0,414,895,1866,0.115111,609,700,0,0,0,0,0,0,0,0
448,0,394,898,1866,0.115257,602,690,0,0,0,0,0,0,0,0
449,0,386,900,1866,0.115256,596,690,0,0,0,0,0,0,0,0
450,0,381,901,1866,0.115012,599,683,0,0,0,0,0,0,0,0
451,0,398,899,1866,0.114946,604,693,0,0,0,0,0,0,0,0
452,0,378,900,1866,0.11484,597,681,0,0,0,0,0,0,0,0
453,0,390,897,1866,0.114817,605,682,0,0,0,0,0,0,0,0
454,0,378,899,1866,0.114458,605,672,0,0,0,0,0,0,0,0
455,0,374,900,1866,0.11446,601,673,0,0,0,0,0,0,0,0
456,0,375,902,1866,0.113841,610,667,0,0,0,0,0,0,0,0
457,0,391,897,1866,0.114042,609,679,0,0,0,0,0,0,0,0
458,0,367,903,1866,0.11409,602,668,0,0,0,0,0,0,0,0
459,0,365,902,1866,0.114147,596,671,0,0,0,0,0,0,0,0
460,0,381,900,1866,0.114033,608,673,0,0,0,0,0,0,0,0
461,0,376,902,1866,0.114024,605,673,0,0,0,0,0,0,0,0
462,0,371,903,1866,0.114558,593,681,0,0,0,0,0,0,0,0
463,0,362,904,1866,0.114428,593,673,0,0,0,0,0,0,0,0
464,0,382,896,1866,0.114743,591,687,0,0,0,0,0,0,0,0
465,0,376,898,1866,0.114139,600,674,0,0,0,0,0,0,0,0
466,0,378,898,1866,0.113665,611,665,0,0,0,0,0,0,0,0
467,0,358,900,1866,0.11346,604,654,0,0,0,0,0,0,0,0
468,0,379,896,1866,0.114234,602,673,0,0,0,0,0,0,0,0
469,0,370,898,1866,0.114704,590,678,0,0,0,0,0,0,0,0
470,0,372,899,1866,0.114801,588,683,0,0,0,0,0,0,0,0
471,0,359,903,1866,0.115127,574,688,0,0,0,0,0,0,0,0
472,0,377,899,1866,0.115409,578,698,0,0,0,0,0,0,0,0
473,0,383,901,1866,0.115331,583,701,0,0,0,0,0,0,0,0
474,0,406,894,1866,0.114781,602,698,0,0,0,0,0,0,0,0
475,0,399,895,1866,0.114321,606,688,0,0,0,0,0,0,0,0
476,0,378,902,1866,0.114447,596,684,0,0,0,0,0,0,0,0
477,0,379,902,1866,0.11516,584,697,0,0,0,0,0,0,0,0
478,0,387,901,1866,0.115269,583,705,0,0,0,0,0,0,0,0
479,0,391,898,1866,0.115427,578,711,0,0,0,0,0,0,0,0
480,0,390,899,1866,0.11501,586,703,0,0,0,0,0,0,0,0
481,0,370,903,1866,0.115204,574,699,0,0,0,0,0,0,0,0
482,0,379,898,1866,0.115416,569,708,0,0,0,0,0,0,0,0
483,0,372,899,1866,0.115767,559,712,0,0,0,0,0,0,0,0
484,0,373,900,1866,0.115729,560,713,0,0,0,0,0,0,0,0
485,0,372,901,1866,0.115343,570,703,0,0,0,0,0,0,0,0
486,0,372,901,1866,0.115355,569,704,0,0,0,0,0,0,0,0
487,0,376,900,1866,0.115548,566,710,0,0,0,0,0,0,0,0
488,0,375,902,1866,0.115459,568,709,0,0,0,0,0,0,0,0
489,0,376,901,1866,0.115234,569,708,0,0,0,0,0,0,0,0
490,0,377,900,1866,0.115562,561,716,0,0,0,0,0,0,0,0
491,0,365,903,1866,0.115794,553,715,0,0,0,0,0,0,0,0
492,0,369,903,1866,0.115667,561,711,0,0,0,0,0,0,0,0
493,0,354,905,1866,0.115544,558,701,0,0,0,0,0,0,0,0
494,0,356,905,1866,0.115997,553,708,0,0,0,0,0,0,0,0
495,0,354,907,1866,0.115895,551,710,0,0,0,0,0,0,0,0
496,0,358,906,1866,0.116291,545,719,0,0,0,0,0,0,0,0
497,0,356,905,1866,0.116578,536,725,0,0,0,0,0,0,0,0
498,0,379,899,1866,0.116555,540,738,0,0,0,0,0,0,0,0
499,0,368,902,1866,0.116324,543,727,0,0,0,0,0,0,0,0
500,0,370,902,1866,0.116495,542,730,0,0,0,0,0,0,0,0
501,0,365,903,1866,0.11658,538,730,0,0,0,0,0,0,0,0
502,0,369,901,1866,0.116503,542,728,0,0,0,0,0,0,0,0
503,0,380,897,1866,0.116348,539,738,0,0,0,0,0,0,0,0
504,0,361,901,1866,0.11626,537,725,0,0,0,0,0,0,0,0
505,0,358,902,1866,0.11573,546,714,0,0,0,0,0,0,0,0
506,0,371,898,1866,0.115829,549,720,0,0,0,0,0,0,0,0
507,0,370,899,1866,0.116396,541,728,0,0,0,0,0,0,0,0
508,0,385,897,1866,0.116177,558,724,0,0,0,0,0,0,0,0
509,0,367,901,1866,0.116339,550,718,0,0,0,0,0,0,0,0
510,0,369,900,1866,0.11611,551,718,0,0,0,0,0,0,0,0
511,0,387,898,1866,0.116212,557,728,0,0,0,0,0,0,0,0
512,0,404,895,1866,0.116102,565,734,0,0,0,0,0,0,0,0
513,0,400,896,1866,0.116018,565,731,0,0,0,0,0,0,0,0
514,0,396,897,1866,0.116086,559,734,0,0,0,0,0,0,0,0
515,0,391,899,1866,0.116122,554,736,0,0,0,0,0,0,0,0
516,0,349,908,1866,0.115995,541,716,0,0,0,0,0,0,0,0
517,0,371,903,1866,0.115862,552,722,0,0,0,0,0,0,0,0
518,0,377,904,1866,0.116221,546,735,0,0,0,0,0,0,0,0
519,0,365,905,1866,0.116305,539,731,0,0,0,0,0,0,0,0
520,0,384,903,1866,0.116201,555,732,0,0,0,0,0,0,0,0
521,0,410,896,1866,0.116512,556,750,0,0,0,0,0,0,0,0
522,0,421,891,1866,0.116205,563,749,0,0,0,0,0,0,0,0
523,0,411,892,1866,0.116469,553,750,0,0,0,0,0,0,0,0
524,0,409,892,1866,0.116345,556,745,0,0,0,0,0,0,0,0
525,0,397,894,1866,0.116365,556,735,0,0,0,0,0,0,0,0
526,0,385,896,1866,0.115969,559,722,0,0,0,0,0,0,0,0
527,0,391,896,1866,0.115837,564,723,0,0,0,0,0,0,0,0
528,0,389,895,1866,0.115667,568,716,0,0,0,0,0,0,0,0
529,0,388,896,1866,0.11576,566,718,0,0,0,0,0,0,0,0
530,0,399,894,1866,0.115216,578,715,0,0,0,0,0,0,0,0
531,0,384,896,1866,0.115264,572,708,0,0,0,0,0,0,0,0
532,0,372,898,1866,0.115213,568,702,0,0,0,0,0,0,0,0
533,0,372,899,1866,0.115618,566,705,0,0,0,0,0,0,0,0
534,0,361,903,1866,0.115967,559,705,0,0,0,0,0,0,0,0
535,0,363,901,1866,0.115727,560,704,0,0,0,0,0,0,0,0
536,0,358,902,1866,0.115719,562,698,0,0,0,0,0,0,0,0
537,0,347,902,1866,0.115424,562,687,0,0,0,0,0,0,0,0
538,0,353,901,1866,0.115369,565,689,0,0,0,0,0,0,0,0
539,0,353,901,1866,0.115378,565,689,0,0,0,0,0,0,0,0
540,0,359,899,1866,0.115156,569,689,0,0,0,0,0,0,0,0
541,0,372,896,1866,0.115311,570,698,0,0,0,0,0,0,0,0
542,0,375,897,1866,0.115464,567,705,0,0,0,0,0,0,0,0
543,0,360,899,1866,0.115718,557,702,0,0,0,0,0,0,0,0
544,0,357,902,1866,0.115562,561,698,0,0,0,0,0,0,0,0
545,0,348,904,1866,0.115587,554,698,0,0,0,0,0,0,0,0
546,0,321,910,1866,0.115424,550,681,0,0,0,0,0,0,0,0
547,0,337,906,1866,0.115504,557,686,0,0,0,0,0,0,0,0
548,0,345,904,1866,0.11524,568,681,0,0,0,0,0,0,0,0
549,0,360,901,1866,0.115158,569,692,0,0,0,0,0,0,0,0
550,0,372,895,1866,0.115722,557,710,0,0,0,0,0,0,0,0
551,0,377,894,1866,0.116239,549,722,0,0,0,0,0,0,0,0
552,0,377,892,1866,0.116015,551,718,0,0,0,0,0,0,0,0
553,0,394,890,1866,0.116221,551,733,0,0,0,0,0,0,0,0
554,0,377,893,1866,0.1164,545,725,0,0,0,0,0,0,0,0
555,0,378,896,1866,0.116758,536,738,0,0,0,0,0,0,0,0
556,0,386,893,1866,0.117037,534,745,0,0,0,0,0,0,0,0
557,0,372,896,1866,0.116887,533,735,0,0,0,0,0,0,0,0
558,0,417,888,1866,0.116256,554,751,0,0,0,0,0,0,0,0
559,0,417,885,1866,0.116742,547,755,0,0,0,0,0,0,0,0
560,0,414,887,1866,0.11685,548,753,0,0,0,0,0,0,0,0
561,0,419,885,1866,0.117428,536,768,0,0,0,0,0,0,0,0
562,0,404,890,1866,0.117877,530,764,0,0,0,0,0,0,0,0
563,0,405,890,1866,0.117578,532,763,0,0,0,0,0,0,0,0
564,0,424,887,1866,0.117542,541,770,0,0,0,0,0,0,0,0
565,0,404,890,1866,0.11765,532,762,0,0,0,0,0,0,0,0
566,0,418,887,1866,0.117682,535,770,0,0,0,0,0,0,0,0
567,0,409,891,1866,0.117708,532,768,0,0,0,0,0,0,0,0
568,0,425,887,1866,0.117537,541,771,0,0,0,0,0,0,0,0
569,0,441,882,1866,0.117188,550,773,0,0,0,0,0,0,0,0
570,0,438,884,1866,0.117545,540,782,0,0,0,0,0,0,0,0
571,0,418,886,1866,0.117526,533,771,0,0,0,0,0,0,0,0
572,0,433,885,1866,0.117287,540,778,0,0,0,0,0,0,0,0
573,0,436,884,1866,0.117331,539,781,0,0,0,0,0,0,0,0
574,0,431,885,1866,0.117245,542,774,0,0,0,0,0,0,0,0
575,0,434,887,1866,0.117592,541,780,0,0,0,0,0,0,0,0
576,0,424,888,1866,0.117207,545,767,0,0,0,0,0,0,0,0
577,0,409,890,1866,0.117909,530,769,0,0,0,0,0,0,0,0
578,0,405,889,1866,0.118255,524,770,0,0,0,0,0,0,0,0
579,0,405,888,1866,0.117879,532,761,0,0,0,0,0,0,0,0
580,0,386,893,1866,0.11772,527,752,0,0,0,0,0,0,0,0
581,0,377,897,1866,0.11753,530,744,0,0,0,0,0,0,0,0
582,0,397,894,1866,0.117833,534,757,0,0,0,0,0,0,0,0
583,0,404,892,1866,0.11767,540,756,0,0,0,0,0,0,0,0
584,0,392,894,1866,0.117793,532,754,0,0,0,0,0,0,0,0
585,0,377,897,1866,0.118281,513,761,0,0,0,0,0,0,0,0
586,0,379,897,1866,0.117934,519,757,0,0,0,0,0,0,0,0
587,0,401,893,1866,0.117989,526,768,0,0,0,0,0,0,0,0
588,0,379,898,1866,0.118265,513,764,0,0,0,0,0,0,0,0
589,0,406,890,1866,0.118427,521,775,0,0,0,0,0,0,0,0
590,0,412,890,1866,0.118638,519,783,0,0,0,0,0,0,0,0
591,0,427,886,1866,0.118779,523,790,0,0,0,0,0,0,0,0
592,0,409,889,1866,0.118855,514,784,0,0,0,0,0,0,0,0
593,0,395,892,1866,0.119236,501,786,0,0,0,0,0,0,0,0
594,0,414,889,1866,0.119254,510,793,0,0,0,0,0,0,0,0
595,0,397,890,1866,0.118837,512,775,0,0,0,0,0,0,0,0
596,0,409,889,1866,0.118862,512,786,0,0,0,0,0,0,0,0
597,0,400,891,1866,0.118738,509,782,0,0,0,0,0,0,0,0
598,0,369,897,1866,0.118645,505,761,0,0,0,0,0,0,0,0
599,0,380,896,1866,0.118447,509,767,0,0,0,0,0,0,0,0
600,0,387,893,1866,0.118592,505,775,0,0,0,0,0,0,0,0
601,0,393,893,1866,0.118473,510,776,0,0,0,0,0,0,0,0
602,0,380,895,1866,0.118702,501,774,0,0,0,0,0,0,0,0
603,0,389,895,1866,0.118371,513,771,0,0,0,0,0,0,0,0
604,0,403,891,1866,0.118135,518,776,0,0,0,0,0,0,0,0
605,0,386,894,1866,0.117979,514,766,0,0,0,0,0,0,0,0
606,0,390,894,1866,0.118237,514,770,0,0,0,0,0,0,0,0
607,0,396,892,1866,0.118334,517,771,0,0,0,0,0,0,0,0
608,0,412,888,1866,0.117972,523,777,0,0,0,0,0,0,0,0
609,0,415,888,1866,0.11767,532,771,0,0,0,0,0,0,0,0
610,0,397,891,1866,0.117596,530,758,0,0,0,0,0,0,0,0
611,0,367,897,1866,0.11774,520,744,0,0,0,0,0,0,0,0
612,0,351,901,1866,0.117843,510,742,0,0,0,0,0,0,0,0
613,0,350,900,1866,0.117757,513,737,0,0,0,0,0,0,0,0
614,0,370,896,1866,0.117715,519,747,0,0,0,0,0,0,0,0
615,0,341,903,1866,0.117448,516,728,0,0,0,0,0,0,0,0
616,0,350,902,1866,0.117475,522,730,0,0,0,0,0,0,0,0
617,0,351,901,1866,0.117154,528,724,0,0,0,0,0,0,0,0
618,0,331,905,1866,0.117501,514,722,0,0,0,0,0,0,0,0
619,0,317,909,1866,0.11703,520,706,0,0,0,0,0,0,0,0
620,0,330,908,1866,0.117053,521,717,0,0,0,0,0,0,0,0
621,0,345,906,1866,0.116901,531,720,0,0,0,0,0,0,0,0
622,0,348,904,1866,0.117186,526,726,0,0,0,0,0,0,0,0
623,0,364,901,1866,0.11697,535,730,0,0,0,0,0,0,0,0
624,0,351,903,1866,0.117107,534,720,0,0,0,0,0,0,0,0
625,0,330,907,1866,0.116676,533,704,0,0,0,0,0,0,0,0
626,0,329,907,1866,0.116608,526,710,0,0,0,0,0,0,0,0
627,0,335,907,1866,0.116399,531,711,0,0,0,0,0,0,0,0
628,0,336,906,1866,0.116177,534,708,0,0,0,0,0,0,0,0
629,0,331,910,1866,0.116468,530,711,0,0,0,0,0,0,0,0
630,0,346,904,1866,0.11676,522,728,0,0,0,0,0,0,0,0
631,0,345,905,1866,0.116947,516,734,0,0,0,0,0,0,0,0
632,0,367,899,1866,0.11779,516,750,0,0,0,0,0,0,0,0
633,0,384,896,1866,0.117675,522,758,0,0,0,0,0,0,0,0
634,0,376,898,1866,0.117626,519,755,0,0,0,0,0,0,0,0
635,0,363,901,1866,0.11806,505,759,0,0,0,0,0,0,0,0
636,0,377,896,1866,0.117999,511,762,0,0,0,0,0,0,0,0
637,0,387,895,1866,0.117718,521,761,0,0,0,0,0,0,0,0
638,0,401,891,1866,0.117385,534,758,0,0,0,0,0,0,0,0
639,0,384,897,1866,0.117467,530,751,0,0,0,0,0,0,0,0
640,0,383,898,1866,0.117763,527,754,0,0,0,0,0,0,0,0
641,0,370,901,1866,0.117865,518,753,0,0,0,0,0,0,0,0
642,0,379,900,1866,0.118044,517,762,0,0,0,0,0,0,0,0
643,0,385,900,1866,0.117951,519,766,0,0,0,0,0,0,0,0
644,0,395,899,1866,0.117899,526,768,0,0,0,0,0,0,0,0
645,0,409,898,1866,0.117645,538,769,0,0,0,0,0,0,0,0
646,0,422,896,1866,0.117757,539,779,0,0,0,0,0,0,0,0
647,0,425,893,1866,0.117789,538,780,0,0,0,0,0,0,0,0
648,0,443,890,1866,0.117793,545,788,0,0,0,0,0,0,0,0
649,0,430,891,1866,0.11751,549,772,0,0,0,0,0,0,0,0
650,0,445,887,1866,0.11759,551,781,0,0,0,0,0,0,0,0
651,0,440,886,1866,0.117231,560,766,0,0,0,0,0,0,0,0
652,0,436,885,1866,0.117143,555,766,0,0,0,0,0,0,0,0
653,0,412,890,1866,0.11701,549,753,0,0,0,0,0,0,0,0
654,0,405,892,1866,0.117255,543,754,0,0,0,0,0,0,0,0
655,0,397,892,1866,0.117259,536,753,0,0,0,0,0,0,0,0
656,0,408,890,1866,0.117327,537,761,0,0,0,0,0,0,0,0
657,0,422,887,1866,0.117131,544,765,0,0,0,0,0,0,0,0
658,0,418,889,1866,0.116742,549,758,0,0,0,0,0,0,0,0
659,0,397,893,1866,0.116499,542,748,0,0,0,0,0,0,0,0
660,0,378,898,1866,0.116672,536,740,0,0,0,0,0,0,0,0
661,0,379,899,1866,0.116958,530,748,0,0,0,0,0,0,0,0
662,0,383,898,1866,0.117243,529,752,0,0,0,0,0,0,0,0
663,0,386,899,1866,0.117361,527,758,0,0,0,0,0,0,0,0
664,0,383,903,1866,0.117606,521,765,0,0,0,0,0,0,0,0
665,0,399,899,1866,0.118358,510,788,0,0,0,0,0,0,0,0
666,0,389,902,1866,0.118529,509,782,0,0,0,0,0,0,0,0
667,0,386,903,1866,0.118909,501,788,0,0,0,0,0,0,0,0
668,0,388,901,1866,0.118762,505,784,0,0,0,0,0,0,0,0
669,0,371,904,1866,0.118337,505,770,0,0,0,0,0,0,0,0
670,0,349,910,1866,0.118341,501,758,0,0,0,0,0,0,0,0
671,0,370,906,1866,0.118225,512,764,0,0,0,0,0,0,0,0
672,0,361,907,1866,0.118076,508,760,0,0,0,0,0,0,0,0
673,0,352,908,1866,0.118203,502,758,0,0,0,0,0,0,0,0
674,0,339,908,1866,0.118361,495,752,0,0,0,0,0,0,0,0
675,0,347,906,1866,0.118196,494,759,0,0,0,0,0,0,0,0
676,0,350,906,1866,0.118195,493,763,0,0,0,0,0,0,0,0
677,0,348,907,1866,0.118602,487,768,0,0,0,0,0,0,0,0
678,0,356,905,1866,0.118553,491,770,0,0,0,0,0,0,0,0
679,0,359,905,1866,0.118726,492,772,0,0,0,0,0,0,0,0
680,0,382,900,1866,0.11888,491,791,0,0,0,0,0,0,0,0
681,0,387,899,1866,0.118563,501,785,0,0,0,0,0,0,0,0
682,0,389,901,1866,0.118685,502,788,0,0,0,0,0,0,0,0
683,0,386,901,1866,0.118859,499,788,0,0,0,0,0,0,0,0
684,0,415,894,1866,0.119047,503,806,0,0,0,0,0,0,0,0
685,0,414,895,1866,0.119031,502,807,0,0,0,0,0,0,0,0
686,0,418,894,1866,0.118794,506,806,0,0,0,0,0,0,0,0
687,0,424,892,1866,0.118909,504,812,0,0,0,0,0,0,0,0
688,0,406,893,1866,0.11897,499,800,0,0,0,0,0,0,0,0
689,0,415,891,1866,0.118453,511,795,0,0,0,0,0,0,0,0
690,0,412,892,1866,0.11862,504,800,0,0,0,0,0,0,0,0
691,0,404,895,1866,0.119147,494,805,0,0,0,0,0,0,0,0
692,0,392,898,1866,0.118844,496,794,0,0,0,0,0,0,0,0
693,0,397,896,1866,0.118114,510,783,0,0,0,0,0,0,0,0
694,0,385,898,1866,0.118273,503,780,0,0,0,0,0,0,0,0
695,0,409,894,1866,0.11811,516,787,0,0,0,0,0,0,0,0
696,0,409,893,1866,0.118394,508,794,0,0,0,0,0,0,0,0
697,0,414,893,1866,0.118744,504,803,0,0,0,0,0,0,0,0
698,0,404,894,1866,0.119114,493,805,0,0,0,0,0,0,0,0
699,0,394,896,1866,0.118644,499,791,0,0,0,0,0,0,0,0
700,0,398,895,1866,0.118892,491,802,0,0,0,0,0,0,0,0
701,0,385,897,1866,0.118563,494,788,0,0,0,0,0,0,0,0
702,0,370,901,1866,0.118109,499,772,0,0,0,0,0,0,0,0
703,0,365,903,1866,0.118053,496,772,0,0,0,0,0,0,0,0
704,0,374,900,1866,0.1184,491,783,0,0,0,0,0,0,0,0
705,0,381,900,1866,0.118473,492,789,0,0,0,0,0,0,0,0
706,0,373,903,1866,0.118849,482,794,0,0,0,0,0,0,0,0
707,0,382,901,1866,0.118916,480,803,0,0,0,0,0,0,0,0
708,0,386,899,1866,0.119141,476,809,0,0,0,0,0,0,0,0
709,0,381,901,1866,0.119325,477,805,0,0,0,0,0,0,0,0
710,0,382,900,1866,0.119245,479,803,0,0,0,0,0,0,0,0
711,0,394,897,1866,0.118964,485,806,0,0,0,0,0,0,0,0
712,0,391,899,1866,0.118845,491,799,0,0,0,0,0,0,0,0
713,0,435,890,1866,0.11891,503,822,0,0,0,0,0,0,0,0
714,0,408,894,1866,0.119046,492,810,0,0,0,0,0,0,0,0
715,0,401,896,1866,0.119365,485,812,0,0,0,0,0,0,0,0
716,0,414,892,1866,0.119463,483,823,0,0,0,0,0,0,0,0
717,0,397,897,1866,0.119563,477,817,0,0,0,0,0,0,0,0
718,0,400,897,1866,0.119587,479,818,0,0,0,0,0,0,0,0
719,0,408,894,1866,0.119955,469,833,0,0,0,0,0,0,0,0
720,0,413,894,1866,0.119638,483,824,0,0,0,0,0,0,0,0
721,0,403,895,1866,0.119476,483,815,0,0,0,0,0,0,0,0
722,0,374,898,1866,0.11946,477,795,0,0,0,0,0,0,0,0
723,0,383,895,1866,0.119503,476,802,0,0,0,0,0,0,0,0
724,0,399,892,1866,0.11902,486,805,0,0,0,0,0,0,0,0
725,0,386,893,1866,0.118513,493,786,0,0,0,0,0,0,0,0
726,0,374,896,1866,0.118426,493,777,0,0,0,0,0,0,0,0
727,0,373,897,1866,0.118095,501,769,0,0,0,0,0,0,0,0
728,0,355,901,1866,0.118271,496,760,0,0,0,0,0,0,0,0
729,0,351,901,1866,0.11854,489,763,0,0,0,0,0,0,0,0
730,0,376,894,1866,0.11867,495,775,0,0,0,0,0,0,0,0
731,0,367,897,1866,0.118742,488,776,0,0,0,0,0,0,0,0
732,0,382,894,1866,0.118958,485,791,0,0,0,0,0,0,0,0
733,0,384,894,1866,0.118564,492,786,0,0,0,0,0,0,0,0
734,0,394,893,1866,0.118373,501,786,0,0,0,0,0,0,0,0
735,0,398,891,1866,0.118415,504,785,0,0,0,0,0,0,0,0
736,0,399,892,1866,0.118172,512,779,0,0,0,0,0,0,0,0
737,0,399,892,1866,0.118031,513,778,0,0,0,0,0,0,0,0
738,0,395,893,1866,0.117765,515,773,0,0,0,0,0,0,0,0
739,0,376,893,1866,0.117539,508,761,0,0,0,0,0,0,0,0
740,0,366,897,1866,0.117296,512,751,0,0,0,0,0,0,0,0
741,0,372,897,1866,0.117478,517,752,0,0,0,0,0,0,0,0
742,0,387,894,1866,0.117534,529,752,0,0,0,0,0,0,0,0
743,0,387,893,1866,0.118038,522,758,0,0,0,0,0,0,0,0
744,0,396,889,1866,0.118322,516,769,0,0,0,0,0,0,0,0
745,0,409,886,1866,0.119079,502,793,0,0,0,0,0,0,0,0
746,0,418,885,1866,0.119115,498,805,0,0,0,0,0,0,0,0
747,0,409,888,1866,0.11901,494,803,0,0,0,0,0,0,0,0
748,0,385,895,1866,0.11895,490,790,0,0,0,0,0,0,0,0
749,0,396,892,1866,0.118814,500,788,0,0,0,0,0,0,0,0
750,0,390,891,1866,0.119125,488,793,0,0,0,0,0,0,0,0
751,0,381,891,1866,0.119217,488,784,0,0,0,0,0,0,0,0
752,0,368,894,1866,0.119178,489,773,0,0,0,0,0,0,0,0
753,0,350,898,1866,0.118928,487,761,0,0,0,0,0,0,0,0
754,0,338,900,1866,0.119278,477,761,0,0,0,0,0,0,0,0
755,0,336,900,1866,0.118512,493,743,0,0,0,0,0,0,0,0
756,0,343,900,1866,0.118565,495,748,0,0,0,0,0,0,0,0
757,0,337,902,1866,0.1183,495,744,0,0,0,0,0,0,0,0
758,0,347,900,1866,0.117923,502,745,0,0,0,0,0,0,0,0
759,0,361,895,1866,0.117115,522,734,0,0,0,0,0,0,0,0
760,0,376,893,1866,0.117433,525,744,0,0,0,0,0,0,0,0
761,0,394,891,1866,0.118185,516,769,0,0,0,0,0,0,0,0
762,0,398,891,1866,0.118218,515,774,0,0,0,0,0,0,0,0
763,0,384,895,1866,0.118469,509,770,0,0,0,0,0,0,0,0
764,0,392,894,1866,0.117921,528,758,0,0,0,0,0,0,0,0
765,0,415,889,1866,0.117928,537,767,0,0,0,0,0,0,0,0
766,0,427,886,1866,0.118387,526,787,0,0,0,0,0,0,0,0
767,0,424,888,1866,0.118,528,784,0,0,0,0,0,0,0,0
768,0,415,890,1866,0.118018,524,781,0,0,0,0,0,0,0,0
769,0,422,887,1866,0.117817,531,778,0,0,0,0,0,0,0,0
770,0,422,889,1866,0.118048,531,780,0,0,0,0,0,0,0,0
771,0,418,891,1866,0.118247,530,779,0,0,0,0,0,0,0,0
772,0,405,892,1866,0.118003,530,767,0,0,0,0,0,0,0,0
773,0,425,885,1866,0.118343,530,780,0,0,0,0,0,0,0,0
774,0,404,890,1866,0.118547,519,775,0,0,0,0,0,0,0,0
775,0,392,890,1866,0.117843,529,753,0,0,0,0,0,0,0,0
776,0,395,889,1866,0.118062,521,763,0,0,0,0,0,0,0,0
777,0,369,894,1866,0.11801,511,752,0,0,0,0,0,0,0,0
778,0,343,900,1866,0.118215,500,743,0,0,0,0,0,0,0,0
779,0,341,902,1866,0.118417,494,749,0,0,0,0,0,0,0,0
780,0,339,904,1866,0.118338,497,746,0,0,0,0,0,0,0,0
781,0,347,899,1866,0.118408,497,749,0,0,0,0,0,0,0,0
782,0,370,895,1866,0.118173,507,758,0,0,0,0,0,0,0,0
783,0,372,895,1866,0.117827,515,752,0,0,0,0,0,0,0,0
784,0,370,896,1866,0.117952,512,754,0,0,0,0,0,0,0,0
785,0,402,888,1866,0.118599,507,783,0,0,0,0,0,0,0,0
786,0,408,886,1866,0.117922,523,771,0,0,0,0,0,0,0,0
787,0,421,886,1866,0.118541,510,797,0,0,0,0,0,0,0,0
788,0,397,892,1866,0.11851,500,789,0,0,0,0,0,0,0,0
789,0,377,893,1866,0.118093,503,767,0,0,0,0,0,0,0,0
790,0,353,898,1866,0.117966,497,754,0,0,0,0,0,0,0,0
791,0,357,897,1866,0.117941,500,754,0,0,0,0,0,0,0,0
792,0,360,898,1866,0.117795,503,755,0,0,0,0,0,0,0,0
793,0,352,900,1866,0.117727,499,753,0,0,0,0,0,0,0,0
794,0,328,905,1866,0.117622,497,736,0,0,0,0,0,0,0,0
795,0,355,898,1866,0.117766,500,753,0,0,0,0,0,0,0,0
796,0,355,901,1866,0.117404,510,746,0,0,0,0,0,0,0,0
797,0,343,905,1866,0.117351,509,739,0,0,0,0,0,0,0,0
798,0,353,904,1866,0.117157,519,738,0,0,0,0,0,0,0,0
799,0,344,904,1866,0.117031,515,733,0,0,0,0,0,0,0,0
800,0,335,907,1866,0.11711,513,729,0,0,0,0,0,0,0,0
801,0,355,905,1866,0.117158,521,739,0,0,0,0,0,0,0,0
802,0,345,906,1866,0.117058,517,734,0,0,0,0,0,0,0,0
803,0,362,903,1866,0.116851,528,737,0,0,0,0,0,0,0,0
804,0,385,898,1866,0.11683,535,748,0,0,0,0,0,0,0,0
805,0,389,898,1866,0.116565,544,743,0,0,0,0,0,0,0,0
806,0,387,898,1866,0.116203,554,731,0,0,0,0,0,0,0,0
807,0,385,900,1866,0.116037,560,725,0,0,0,0,0,0,0,0
808,0,406,893,1866,0.115973,568,731,0,0,0,0,0,0,0,0
809,0,410,893,1866,0.115884,570,733,0,0,0,0,0,0,0,0
810,0,415,891,1866,0.116754,555,751,0,0,0,0,0,0,0,0
811,0,401,892,1866,0.116911,548,745,0,0,0,0,0,0,0,0
812,0,396,893,1866,0.11694,545,744,0,0,0,0,0,0,0,0
813,0,390,895,1866,0.116781,547,738,0,0,0,0,0,0,0,0
814,0,378,898,1866,0.116605,544,732,0,0,0,0,0,0,0,0
815,0,358,903,1866,0.11698,526,735,0,0,0,0,0,0,0,0
816,0,359,900,1866,0.116438,534,725,0,0,0,0,0,0,0,0
817,0,361,900,1866,0.116331,538,723,0,0,0,0,0,0,0,0
818,0,347,902,1866,0.116589,525,724,0,0,0,0,0,0,0,0
819,0,356,901,1866,0.116779,521,736,0,0,0,0,0,0,0,0
820,0,371,899,1866,0.117074,523,747,0,0,0,0,0,0,0,0
821,0,387,897,1866,0.11759,522,762,0,0,0,0,0,0,0,0
822,0,395,896,1866,0.117515,524,767,0,0,0,0,0,0,0,0
823,0,398,894,1866,0.117673,524,768,0,0,0,0,0,0,0,0
824,0,397,895,1866,0.117647,520,772,0,0,0,0,0,0,0,0
825,0,388,899,1866,0.117754,518,769,0,0,0,0,0,0,0,0
826,0,395,899,1866,0.11793,512,782,0,0,0,0,0,0,0,0
827,0,418,893,1866,0.118268,518,793,0,0,0,0,0,0,0,0
828,0,415,893,1866,0.117998,525,783,0,0,0,0,0,0,0,0
829,0,419,892,1866,0.118169,520,791,0,0,0,0,0,0,0,0
830,0,431,892,1866,0.118072,523,800,0,0,0,0,0,0,0,0
831,0,411,895,1866,0.117811,521,785,0,0,0,0,0,0,0,0
832,0,401,898,1866,0.117786,517,782,0,0,0,0,0,0,0,0
833,0,400,900,1866,0.118044,513,787,0,0,0,0,0,0,0,0
834,0,396,901,1866,0.117696,519,778,0,0,0,0,0,0,0,0
835,0,410,897,1866,0.11727,535,772,0,0,0,0,0,0,0,0
836,0,401,897,1866,0.117187,532,766,0,0,0,0,0,0,0,0
837,0,405,895,1866,0.116935,536,764,0,0,0,0,0,0,0,0
838,0,405,896,1866,0.117418,528,773,0,0,0,0,0,0,0,0
839,0,396,899,1866,0.117345,526,769,0,0,0,0,0,0,0,0
840,0,406,895,1866,0.117538,524,777,0,0,0,0,0,0,0,0
841,0,395,898,1866,0.116952,534,759,0,0,0,0,0,0,0,0
842,0,416,895,1866,0.117085,543,768,0,0,0,0,0,0,0,0
843,0,413,892,1866,0.117372,535,770,0,0,0,0,0,0,0,0
844,0,394,894,1866,0.117269,531,757,0,0,0,0,0,0,0,0
845,0,419,889,1866,0.117119,549,759,0,0,0,0,0,0,0,0
846,0,438,885,1866,0.117039,558,765,0,0,0,0,0,0,0,0
847,0,459,884,1866,0.117282,561,782,0,0,0,0,0,0,0,0
848,0,478,881,1866,0.117514,567,792,0,0,0,0,0,0,0,0
849,0,456,884,1866,0.117344,562,778,0,0,0,0,0,0,0,0
850,0,435,886,1866,0.117394,556,765,0,0,0,0,0,0,0,0
851,0,413,890,1866,0.117918,537,766,0,0,0,0,0,0,0,0
852,0,414,890,1866,0.118426,527,777,0,0,0,0,0,0,0,0
853,0,396,892,1866,0.118389,521,767,0,0,0,0,0,0,0,0
854,0,400,890,1866,0.118427,521,769,0,0,0,0,0,0,0,0
855,0,395,892,1866,0.118314,517,770,0,0,0,0,0,0,0,0
856,0,395,893,1866,0.118356,517,771,0,0,0,0,0,0,0,0
857,0,389,894,1866,0.11839,514,769,0,0,0,0,0,0,0,0
858,0,410,888,1866,0.118669,512,786,0,0,0,0,0,0,0,0
859,0,420,886,1866,0.118678,513,793,0,0,0,0,0,0,0,0
860,0,431,885,1866,0.118447,525,791,0,0,0,0,0,0,0,0
861,0,447,882,1866,0.118622,526,803,0,0,0,0,0,0,0,0
862,0,426,886,1866,0.118707,517,795,0,0,0,0,0,0,0,0
863,0,427,886,1866,0.11882,512,801,0,0,0,0,0,0,0,0
864,0,413,889,1866,0.118654,509,793,0,0,0,0,0,0,0,0
865,0,405,890,1866,0.118934,503,792,0,0,0,0,0,0,0,0
866,0,407,888,1866,0.118501,511,784,0,0,0,0,0,0,0,0
867,0,400,890,1866,0.118276,510,780,0,0,0,0,0,0,0,0
868,0,382,892,1866,0.118076,507,767,0,0,0,0,0,0,0,0
869,0,388,890,1866,0.118746,496,782,0,0,0,0,0,0,0,0
870,0,371,894,1866,0.118854,490,775,0,0,0,0,0,0,0,0
871,0,407,887,1866,0.118996,502,792,0,0,0,0,0,0,0,0
872,0,412,887,1866,0.118803,504,795,0,0,0,0,0,0,0,0
873,0,408,889,1866,0.118709,505,792,0,0,0,0,0,0,0,0
874,0,408,888,1866,0.119093,495,801,0,0,0,0,0,0,0,0
875,0,402,890,1866,0.118915,496,796,0,0,0,0,0,0,0,0
876,0,407,891,1866,0.118766,499,799,0,0,0,0,0,0,0,0
877,0,412,889,1866,0.118878,491,810,0,0,0,0,0,0,0,0
878,0,397,891,1866,0.118824,488,800,0,0,0,0,0,0,0,0
879,0,391,893,1866,0.118786,489,795,0,0,0,0,0,0,0,0
880,0,406,889,1866,0.118561,498,797,0,0,0,0,0,0,0,0
881,0,402,888,1866,0.118765,490,800,0,0,0,0,0,0,0,0
882,0,429,881,1866,0.118904,497,813,0,0,0,0,0,0,0,0
883,0,457,875,1866,0.118714,517,815,0,0,0,0,0,0,0,0
884,0,440,879,1866,0.118722,508,811,0,0,0,0,0,0,0,0
885,0,417,884,1866,0.118757,503,798,0,0,0,0,0,0,0,0
886,0,416,885,1866,0.118796,504,797,0,0,0,0,0,0,0,0
887,0,418,886,1866,0.119121,499,805,0,0,0,0,0,0,0,0
888,0,414,888,1866,0.118847,501,801,0,0,0,0,0,0,0,0
889,0,417,888,1866,0.118729,509,796,0,0,0,0,0,0,0,0
890,0,411,887,1866,0.118676,507,791,0,0,0,0,0,0,0,0
891,0,403,890,1866,0.118955,496,797,0,0,0,0,0,0,0,0
892,0,398,890,1866,0.118872,492,796,0,0,0,0,0,0,0,0
893,0,398,892,1866,0.118919,491,799,0,0,0,0,0,0,0,0
894,0,414,890,1866,0.118885,492,812,0,0,0,0,0,0,0,0
895,0,399,892,1866,0.11839,500,791,0,0,0,0,0,0,0,0
896,0,393,893,1866,0.118117,506,780,0,0,0,0,0,0,0,0
897,0,392,894,1866,0.11848,502,784,0,0,0,0,0,0,0,0
898,0,392,894,1866,0.118443,502,784,0,0,0,0,0,0,0,0
899,0,379,896,1866,0.118336,494,781,0,0,0,0,0,0,0,0
900,0,389,893,1866,0.118151,501,781,0,0,0,0,0,0,0,0
901,0,397,891,1866,0.118541,496,792,0,0,0,0,0,0,0,0
902,0,396,892,1866,0.118773,491,797,0,0,0,0,0,0,0,0
903,0,414,888,1866,0.119001,496,806,0,0,0,0,0,0,0,0
904,0,438,882,1866,0.118738,515,805,0,0,0,0,0,0,0,0
905,0,452,878,1866,0.118066,534,796,0,0,0,0,0,0,0,0
906,0,463,876,1866,0.118284,531,808,0,0,0,0,0,0,0,0
907,0,459,876,1866,0.1183,523,812,0,0,0,0,0,0,0,0
908,0,469,875,1866,0.118505,520,824,0,0,0,0,0,0,0,0
909,0,464,875,1866,0.11843,518,821,0,0,0,0,0,0,0,0
910,0,463,875,1866,0.118637,510,828,0,0,0,0,0,0,0,0
911,0,470,873,1866,0.118118,518,825,0,0,0,0,0,0,0,0
912,0,464,876,1866,0.11824,514,826,0,0,0,0,0,0,0,0
913,0,445,879,1866,0.118415,503,821,0,0,0,0,0,0,0,0
914,0,439,881,1866,0.118566,498,822,0,0,0,0,0,0,0,0
915,0,437,884,1866,0.118626,501,820,0,0,0,0,0,0,0,0
916,0,443,883,1866,0.118538,503,823,0,0,0,0,0,0,0,0
917,0,433,883,1866,0.118537,500,816,0,0,0,0,0,0,0,0
918,0,455,878,1866,0.118532,507,826,0,0,0,0,0,0,0,0
919,0,466,878,1866,0.118472,512,832,0,0,0,0,0,0,0,0
920,0,458,878,1866,0.118501,503,833,0,0,0,0,0,0,0,0
921,0,456,879,1866,0.119085,493,842,0,0,0,0,0,0,0,0
922,0,450,882,1866,0.11884,496,836,0,0,0,0,0,0,0,0
923,0,447,881,1866,0.118614,500,828,0,0,0,0,0,0,0,0
924,0,442,882,1866,0.118778,493,831,0,0,0,0,0,0,0,0
925,0,460,878,1866,0.119031,488,850,0,0,0,0,0,0,0,0
926,0,436,883,1866,0.11888,486,833,0,0,0,0,0,0,0,0
927,0,442,882,1866,0.118505,496,828,0,0,0,0,0,0,0,0
928,0,456,878,1866,0.118195,505,829,0,0,0,0,0,0,0,0
929,0,452,879,1866,0.118299,502,829,0,0,0,0,0,0,0,0
930,0,496,871,1866,0.118025,522,845,0,0,0,0,0,0,0,0
931,0,491,872,1866,0.118203,516,847,0,0,0,0,0,0,0,0
932,0,494,872,1866,0.118784,511,855,0,0,0,0,0,0,0,0
933,0,502,872,1866,0.11855,527,847,0,0,0,0,0,0,0,0
934,0,477,875,1866,0.118614,524,828,0,0,0,0,0,0,0,0
935,0,467,878,1866,0.118942,513,832,0,0,0,0,0,0,0,0
936,0,440,883,1866,0.118992,507,816,0,0,0,0,0,0,0,0
937,0,451,882,1866,0.119299,509,824,0,0,0,0,0,0,0,0
938,0,454,881,1866,0.11938,509,826,0,0,0,0,0,0,0,0
939,0,475,875,1866,0.119484,513,837,0,0,0,0,0,0,0,0
940,0,472,872,1866,0.119332,506,838,0,0,0,0,0,0,0,0
941,0,471,871,1866,0.118926,508,834,0,0,0,0,0,0,0,0
942,0,449,877,1866,0.118988,505,821,0,0,0,0,0,0,0,0
943,0,432,880,1866,0.119199,501,811,0,0,0,0,0,0,0,0
944,0,440,880,1866,0.119005,505,815,0,0,0,0,0,0,0,0
945,0,426,883,1866,0.118729,508,801,0,0,0,0,0,0,0,0
946,0,436,881,1866,0.118807,512,805,0,0,0,0,0,0,0,0
947,0,421,883,1866,0.11895,503,801,0,0,0,0,0,0,0,0
948,0,410,885,1866,0.119081,500,795,0,0,0,0,0,0,0,0
949,0,418,886,1866,0.118965,503,801,0,0,0,0,0,0,0,0
950,0,426,885,1866,0.118638,516,795,0,0,0,0,0,0,0,0
951,0,437,884,1866,0.118486,523,798,0,0,0,0,0,0,0,0
952,0,435,883,1866,0.118559,510,808,0,0,0,0,0,0,0,0
953,0,443,881,1866,0.118506,511,813,0,0,0,0,0,0,0,0
954,0,443,883,1866,0.119017,499,827,0,0,0,0,0,0,0,0
955,0,442,885,1866,0.119301,489,838,0,0,0,0,0,0,0,0
956,0,442,882,1866,0.119483,481,843,0,0,0,0,0,0,0,0
957,0,467,877,1866,0.119253,487,857,0,0,0,0,0,0,0,0
958,0,457,878,1866,0.118799,496,839,0,0,0,0,0,0,0,0
959,0,451,879,1866,0.118252,510,820,0,0,0,0,0,0,0,0
960,0,467,877,1866,0.118109,521,823,0,0,0,0,0,0,0,0
961,0,476,873,1866,0.118155,524,825,0,0,0,0,0,0,0,0
962,0,455,876,1866,0.117994,520,811,0,0,0,0,0,0,0,0
963,0,446,878,1866,0.117838,516,808,0,0,0,0,0,0,0,0
964,0,424,880,1866,0.11818,499,805,0,0,0,0,0,0,0,0
965,0,395,887,1866,0.118272,487,795,0,0,0,0,0,0,0,0
966,0,392,891,1866,0.118533,482,801,0,0,0,0,0,0,0,0
967,0,397,890,1866,0.118352,492,795,0,0,0,0,0,0,0,0
968,0,387,893,1866,0.118622,488,792,0,0,0,0,0,0,0,0
969,0,383,892,1866,0.118447,494,781,0,0,0,0,0,0,0,0
970,0,379,894,1866,0.118598,496,777,0,0,0,0,0,0,0,0
971,0,394,892,1866,0.118648,500,786,0,0,0,0,0,0,0,0
972,0,380,893,1866,0.118776,492,781,0,0,0,0,0,0,0,0
973,0,379,893,1866,0.118979,487,785,0,0,0,0,0,0,0,0
974,0,374,894,1866,0.119058,482,786,0,0,0,0,0,0,0,0
975,0,363,899,1866,0.118877,483,779,0,0,0,0,0,0,0,0
976,0,393,894,1866,0.118728,498,789,0,0,0,0,0,0,0,0
977,0,392,897,1866,0.118603,500,789,0,0,0,0,0,0,0,0
978,0,397,896,1866,0.118889,500,793,0,0,0,0,0,0,0,0
979,0,375,902,1866,0.118974,492,785,0,0,0,0,0,0,0,0
980,0,386,898,1866,0.119077,495,789,0,0,0,0,0,0,0,0
981,0,415,893,1866,0.118923,506,802,0,0,0,0,0,0,0,0
982,0,405,896,1866,0.118549,510,791,0,0,0,0,0,0,0,0
983,0,400,894,1866,0.11826,510,784,0,0,0,0,0,0,0,0
984,0,397,893,1866,0.118513,502,788,0,0,0,0,0,0,0,0
985,0,400,892,1866,0.118249,506,786,0,0,0,0,0,0,0,0
986,0,379,896,1866,0.118137,506,769,0,0,0,0,0,0,0,0
987,0,367,901,1866,0.118449,494,774,0,0,0,0,0,0,0,0
988,0,364,900,1866,0.118725,488,776,0,0,0,0,0,0,0,0
989,0,340,906,1866,0.118864,475,771,0,0,0,0,0,0,0,0
990,0,364,902,1866,0.119063,479,787,0,0,0,0,0,0,0,0
991,0,361,903,1866,0.118972,484,780,0,0,0,0,0,0,0,0
992,0,371,900,1866,0.119037,482,789,0,0,0,0,0,0,0,0
993,0,387,898,1866,0.11907,487,798,0,0,0,0,0,0,0,0
994,0,373,900,1866,0.118753,484,789,0,0,0,0,0,0,0,0
995,0,398,895,1866,0.118374,500,793,0,0,0,0,0,0,0,0
996,0,409,894,1866,0.11876,495,808,0,0,0,0,0,0,0,0
997,0,413,893,1866,0.119266,496,810,0,0,0,0,0,0,0,0
998,0,435,889,1866,0.119505,498,826,0,0,0,0,0,0,0,0
999,0,423,891,1866,0.11912,500,814,0,0,0,0,0,0,0,0
