update,bacteria_pop,phage_pop,lysogen_pop,arbitrium,mean_lysogeny_rate,Hist_0.0,Hist_0.1,Hist_0.2,Hist_0.3,Hist_0.4,Hist_0.5,Hist_0.6,Hist_0.7,Hist_0.8,Hist_0.9
0,1000,100,0,2,0.486226,5,4,12,16,24,22,10,5,1,1
1,993,98,4,9,0.474614,7,4,12,14,27,24,8,4,1,1
2,986,103,6,16,0.486565,6,4,8,17,30,28,11,3,1,1
3,982,107,7,20,0.479384,6,4,7,23,33,25,11,3,1,1
4,978,98,12,25,0.479128,6,4,6,22,33,24,10,3,1,1
5,971,91,17,32,0.465503,8,4,5,21,35,21,10,3,0,1
6,970,90,18,34,0.463843,8,4,5,21,36,20,10,3,0,1
7,966,94,20,39,0.467684,7,4,5,22,42,20,10,3,0,1
8,963,93,22,43,0.459644,7,7,4,21,44,18,10,3,0,1
9,959,97,24,48,0.451118,7,7,4,30,42,18,9,3,0,1
10,957,98,25,51,0.451684,6,5,7,32,42,18,9,3,0,1
11,954,94,28,55,0.458782,4,5,6,34,42,18,9,3,0,1
12,950,92,31,60,0.451085,4,5,6,38,41,17,8,3,0,1
13,949,95,31,62,0.449204,4,5,6,40,40,19,8,3,0,1
14,949,92,31,63,0.443287,4,8,5,38,38,18,8,3,0,1
15,946,96,32,67,0.439109,4,11,3,40,40,18,8,3,0,1
16,947,95,32,68,0.440808,3,12,3,39,40,18,8,3,0,1
17,945,97,33,71,0.43929,3,14,3,39,38,21,8,3,0,1
18,941,96,37,77,0.436386,3,13,3,44,38,20,8,3,0,1
19,937,92,41,83,0.436488,2,12,3,46,41,17,8,3,0,1
20,936,94,42,86,0.434124,1,15,2,48,41,17,8,3,0,1
21,934,100,43,90,0.433617,1,15,2,50,46,17,8,3,0,1
22,932,107,43,94,0.428277,1,18,2,52,48,17,8,3,0,1
23,932,109,43,96,0.430386,1,19,2,50,48,20,8,3,0,1
24,932,101,44,98,0.432349,1,18,2,47,47,19,7,3,0,1
25,930,103,46,102,0.42954,1,18,2,51,47,19,7,3,0,1
26,930,103,47,104,0.428887,1,18,2,51,48,19,7,3,0,1
27,925,91,53,111,0.424756,1,18,2,48,47,18,7,3,0,0
28,922,84,57,116,0.422008,1,19,2,46,47,16,7,3,0,0
29,920,85,58,119,0.414057,4,18,2,47,46,16,7,3,0,0
30,917,79,61,124,0.407563,4,20,2,47,41,16,7,3,0,0
31,916,76,63,127,0.407936,3,20,5,44,41,16,7,3,0,0
32,911,78,66,133,0.396757,6,21,5,43,44,16,6,3,0,0
33,910,74,68,136,0.398204,6,20,5,42,44,16,6,3,0,0
34,905,71,72,143,0.40157,5,19,4,46,44,16,6,3,0,0
35,900,85,73,150,0.38577,11,19,4,51,49,15,6,3,0,0
36,900,87,73,152,0.382427,11,21,6,49,49,15,6,3,0,0
37,898,87,75,156,0.383618,11,19,9,50,49,15,6,3,0,0
38,897,83,77,159,0.385345,11,18,9,49,49,15,6,3,0,0
39,895,79,79,163,0.380924,14,16,9,47,48,15,6,3,0,0
40,892,87,80,168,0.369459,17,19,9,50,48,15,6,3,0,0
41,893,84,80,169,0.36699,18,18,9,50,45,15,6,3,0,0
42,890,98,80,174,0.34966,24,23,9,53,45,15,6,3,0,0
43,888,100,81,178,0.344611,28,22,9,51,47,15,6,3,0,0
44,886,110,81,182,0.341981,30,22,12,53,50,15,6,3,0,0
45,884,113,82,186,0.337461,30,25,15,52,49,15,6,3,0,0
46,882,116,83,191,0.330311,35,23,15,53,49,15,6,3,0,0
47,879,119,84,197,0.344211,33,20,15,50,61,15,6,3,0,0
48,873,132,86,206,0.335424,40,22,15,49,68,15,6,3,0,0
49,870,138,87,212,0.331263,43,22,18,48,70,15,6,3,0,0
50,869,139,88,216,0.334318,41,22,18,52,70,15,6,3,0,0
51,867,134,90,221,0.33382,40,25,16,51,68,15,6,3,0,0
52,865,135,91,226,0.32799,42,26,17,52,65,15,6,3,0,0
53,864,137,91,230,0.323035,46,25,16,52,65,15,6,3,0,0
54,864,131,92,233,0.324983,42,27,15,54,61,15,6,3,0,0
55,863,138,92,237,0.314984,47,27,21,51,60,15,6,3,0,0
56,860,134,95,243,0.315655,48,25,18,54,60,15,6,3,0,0
57,860,131,97,246,0.321385,46,23,18,57,60,15,6,3,0,0
58,857,143,98,252,0.316191,51,25,18,60,63,15,6,3,0,0
59,852,154,99,260,0.302456,62,24,20,61,62,15,6,3,0,0
60,847,163,101,269,0.292223,65,33,22,59,61,15,6,3,0,0
61,843,159,105,277,0.283131,71,33,21,57,58,15,6,3,0,0
62,843,157,106,281,0.284888,72,30,21,56,60,15,6,3,0,0
63,843,163,106,285,0.27619,76,36,20,55,58,15,6,3,0,0
64,837,179,107,295,0.268802,83,39,23,60,57,15,6,3,0,0
65,832,193,108,304,0.25527,99,39,23,57,59,15,6,3,0,0
66,823,220,109,317,0.237427,123,38,26,59,59,15,6,3,0,0
67,817,237,110,328,0.227465,139,39,24,61,60,15,6,3,0,0
68,809,239,115,341,0.221033,150,36,24,60,60,15,6,3,0,0
69,806,251,115,350,0.219126,158,34,29,58,63,15,6,3,0,0
70,803,259,117,359,0.208266,173,34,28,55,62,15,6,3,0,0
71,793,295,119,375,0.200603,198,34,31,61,66,15,6,3,0,0
72,780,324,122,394,0.188356,229,33,33,59,68,15,6,3,0,0
73,779,331,123,402,0.187216,237,33,31,56,73,15,6,3,0,0
74,778,342,124,410,0.184442,247,32,31,59,73,15,6,3,0,0
75,770,362,127,425,0.174657,270,34,32,57,72,15,6,3,0,0
76,771,359,128,431,0.17386,269,37,31,54,71,16,6,3,0,0
77,763,383,130,446,0.164646,295,38,31,54,70,16,6,3,0,0
78,746,441,131,471,0.159242,339,36,36,56,80,16,6,3,0,0
79,741,460,133,485,0.155272,359,34,37,57,81,16,6,3,0,0
80,736,477,134,499,0.150631,379,32,37,56,82,16,6,3,0,0
81,725,507,138,519,0.144099,413,32,35,55,84,17,6,3,0,0
82,724,515,140,529,0.143086,424,30,34,54,86,17,7,3,0,0
83,711,532,145,551,0.139944,442,32,37,52,87,17,7,3,0,0
84,709,547,147,563,0.135391,458,34,40,52,83,17,7,3,0,0
85,694,594,150,588,0.12705,506,34,43,52,82,17,7,3,0,0
86,687,616,153,605,0.124905,528,33,44,55,81,17,7,4,0,0
87,673,651,157,629,0.120774,565,33,41,58,82,18,7,4,0,0
88,656,703,159,657,0.115428,614,33,44,57,85,18,7,4,0,0
89,649,721,162,676,0.113481,633,32,47,57,85,18,7,4,0,0
90,631,777,166,706,0.108334,688,32,51,57,85,19,7,4,0,0
91,625,796,170,724,0.107652,701,38,55,57,85,19,7,4,0,0
92,615,815,173,746,0.106953,716,36,65,58,82,20,7,4,0,0
93,606,840,177,768,0.105284,739,42,64,59,81,20,7,5,0,0
94,582,910,180,805,0.101961,798,48,67,62,82,20,8,5,0,0
95,567,951,185,833,0.101069,836,48,68,62,89,20,8,5,0,0
96,553,987,189,861,0.100524,866,53,68,62,94,20,8,5,0,0
97,530,1036,196,898,0.0979125,912,55,76,63,93,20,8,5,0,0
98,516,1067,201,926,0.0961366,944,55,77,67,92,20,8,5,0,0
99,505,1084,206,951,0.094825,969,52,73,69,94,20,8,5,0,0
100,504,1077,212,966,0.0950398,969,51,72,68,96,20,8,5,0,0
101,493,1098,219,991,0.0938531,994,52,73,68,96,21,8,5,0,0
102,479,1125,225,1019,0.0924592,1027,50,70,70,99,21,8,5,0,0
103,470,1132,231,1042,0.093972,1030,51,75,73,99,21,9,5,0,0
104,457,1164,238,1069,0.0937357,1060,55,75,74,102,22,9,5,0,0
105,444,1173,245,1095,0.0952515,1066,56,78,75,107,22,9,5,0,0
106,437,1157,252,1115,0.0964653,1057,55,76,76,108,22,9,6,0,0
107,427,1171,259,1138,0.0975551,1068,57,77,81,109,22,10,6,0,0
108,417,1170,267,1161,0.0982676,1072,58,75,81,113,22,10,6,0,0
109,395,1206,277,1196,0.09737,1108,59,82,82,112,23,11,6,0,0
110,378,1226,288,1225,0.0992929,1124,59,85,88,117,24,11,6,0,0
111,368,1221,297,1247,0.10232,1119,58,88,89,119,25,12,8,0,0
112,357,1234,306,1270,0.103439,1134,55,88,94,123,25,13,8,0,0
113,345,1233,318,1294,0.104314,1140,56,90,93,124,25,14,9,0,0
114,338,1219,328,1312,0.107399,1124,57,93,100,123,25,16,9,0,0
115,321,1216,340,1340,0.110591,1120,57,93,104,132,25,16,9,0,0
116,311,1213,351,1360,0.113522,1113,59,99,105,137,25,16,10,0,0
117,306,1198,362,1375,0.116047,1103,57,100,106,142,25,17,10,0,0
118,302,1173,374,1389,0.119488,1081,58,99,110,147,25,17,10,0,0
119,292,1160,386,1408,0.124085,1059,57,108,120,149,26,17,10,0,0
120,284,1157,398,1425,0.126196,1054,61,111,124,150,28,17,10,0,0
121,281,1120,411,1437,0.129131,1029,60,108,125,153,29,17,10,0,0
122,279,1083,424,1447,0.133962,993,63,108,130,155,31,17,10,0,0
123,274,1048,436,1460,0.138266,964,62,107,133,158,32,18,10,0,0
124,267,1026,448,1474,0.141626,946,64,105,136,162,32,18,11,0,0
125,260,1002,460,1488,0.145997,921,65,107,143,164,33,18,11,0,0
126,252,987,472,1503,0.149463,907,66,110,143,170,33,19,11,0,0
127,245,969,485,1516,0.153335,891,67,112,145,173,34,21,11,0,0
128,236,956,498,1531,0.155364,882,70,111,150,175,34,21,11,0,0
129,233,915,511,1540,0.160554,848,70,107,155,180,34,21,11,0,0
130,225,902,524,1553,0.163539,838,71,106,160,183,36,21,11,0,0
131,222,872,537,1561,0.168214,814,71,107,160,186,37,23,11,0,0
132,214,845,550,1574,0.171878,795,70,108,161,188,39,23,11,0,0
133,213,804,562,1580,0.177439,760,73,108,161,189,39,24,12,0,0
134,209,766,575,1588,0.183621,727,74,106,164,192,41,24,13,0,0
135,209,728,587,1592,0.189401,693,77,105,165,197,41,24,13,0,0
136,204,703,598,1601,0.193913,670,79,106,167,201,41,24,13,0,0
137,202,667,609,1607,0.200294,639,80,104,168,205,41,25,14,0,0
138,193,650,620,1619,0.204489,622,81,108,171,206,41,26,15,0,0
139,192,615,631,1623,0.211665,586,81,114,174,209,41,26,15,0,0
140,189,588,643,1629,0.217173,561,84,114,177,212,41,27,15,0,0
141,185,575,653,1636,0.220839,549,85,114,180,215,42,27,16,0,0
142,183,547,663,1640,0.22681,525,84,113,183,218,43,28,16,0,0
143,182,525,673,1643,0.232844,505,84,112,185,221,45,29,17,0,0
144,178,500,682,1649,0.239007,478,89,111,187,226,45,29,17,0,0
145,175,477,691,1654,0.243729,457,93,112,188,225,46,30,17,0,0
146,171,466,700,1660,0.246986,447,93,114,190,229,46,30,17,0,0
147,167,436,709,1666,0.25514,417,93,113,193,235,47,30,17,0,0
148,165,413,717,1670,0.261117,398,94,110,194,238,47,30,19,0,0
149,163,388,725,1673,0.267255,375,94,111,195,242,47,30,19,0,0
150,157,379,733,1680,0.26956,369,94,110,198,245,47,30,19,0,0
151,151,369,741,1687,0.272882,360,94,110,200,250,47,30,19,0,0
152,152,343,749,1687,0.279427,335,95,111,204,250,48,30,19,0,0
153,151,313,756,1689,0.286756,309,95,110,206,251,49,30,19,0,0
154,150,289,763,1691,0.293242,287,97,109,208,252,49,31,19,0,0
155,150,268,769,1692,0.299119,267,97,111,209,254,49,31,19,0,0
156,151,244,775,1692,0.305823,245,97,112,210,256,49,31,19,0,0
157,151,227,780,1693,0.312062,226,99,112,210,261,49,31,19,0,0
158,150,221,785,1695,0.314633,219,99,115,211,262,49,32,19,0,0
159,150,204,790,1695,0.319604,204,99,116,211,264,49,32,19,0,0
160,147,198,794,1698,0.321508,198,99,118,212,265,49,32,19,0,0
161,146,181,798,1699,0.327188,182,99,118,212,268,49,32,19,0,0
162,146,168,802,1699,0.332081,169,99,119,213,269,50,32,19,0,0
163,146,154,806,1699,0.336521,156,99,121,213,270,50,32,19,0,0
164,146,140,809,1699,0.341133,143,99,122,213,271,50,32,19,0,0
165,145,129,812,1700,0.345862,131,99,124,213,271,51,33,19,0,0
166,144,117,815,1701,0.350406,121,98,124,213,272,51,33,20,0,0
167,142,112,818,1703,0.35161,118,99,123,213,273,51,33,20,0,0
168,141,105,821,1704,0.354073,113,99,121,214,274,52,33,20,0,0
169,141,94,824,1704,0.357942,103,100,122,214,273,52,33,21,0,0
170,139,93,826,1706,0.358453,102,100,122,215,274,52,33,21,0,0
171,137,87,828,1708,0.360969,97,100,121,215,275,52,34,21,0,0
172,137,79,830,1708,0.363594,91,100,120,215,276,52,34,21,0,0
173,137,73,832,1708,0.366145,85,100,120,216,277,52,34,21,0,0
174,137,69,834,1708,0.367203,82,100,121,216,277,52,34,21,0,0
175,137,59,836,1708,0.370698,73,100,122,216,277,52,34,21,0,0
176,136,55,838,1709,0.372007,70,100,121,218,277,52,34,21,0,0
177,134,55,841,1711,0.371692,71,100,122,218,278,52,34,21,0,0
178,133,53,843,1712,0.372307,70,100,122,218,278,53,34,21,0,0
179,132,51,845,1713,0.373211,68,100,122,219,279,53,34,21,0,0
180,132,48,846,1713,0.374305,65,100,123,219,279,53,34,21,0,0
181,132,40,847,1713,0.377329,58,100,123,219,278,54,34,21,0,0
182,132,34,848,1713,0.380144,53,99,123,219,278,54,34,22,0,0
183,132,29,849,1713,0.38212,48,99,124,219,278,54,34,22,0,0
184,131,31,850,1714,0.38122,50,99,124,220,278,54,34,22,0,0
185,131,30,851,1714,0.381495,49,99,125,220,278,54,34,22,0,0
186,131,27,852,1714,0.38272,46,99,125,221,278,54,34,22,0,0
187,131,27,853,1714,0.382837,46,99,125,221,279,54,34,22,0,0
188,130,30,854,1715,0.381334,49,100,125,221,279,54,34,22,0,0
189,130,26,855,1715,0.383222,45,100,125,221,279,55,34,22,0,0
190,130,22,856,1715,0.385054,41,100,125,221,280,55,34,22,0,0
191,130,21,857,1715,0.385728,40,100,125,221,280,56,34,22,0,0
192,130,21,858,1715,0.386142,40,100,125,221,280,56,35,22,0,0
193,130,18,859,1715,0.387006,39,100,123,221,281,56,35,22,0,0
194,130,15,859,1715,0.388314,36,100,123,221,281,56,35,22,0,0
195,130,13,859,1715,0.389194,34,100,123,221,281,56,35,22,0,0
196,130,12,859,1715,0.389628,33,100,123,221,281,56,35,22,0,0
197,130,12,859,1715,0.389628,33,100,123,221,281,56,35,22,0,0
198,130,11,859,1715,0.390069,32,100,123,221,281,56,35,22,0,0
199,130,10,859,1715,0.390512,31,100,123,221,281,56,35,22,0,0
200,130,9,859,1715,0.390947,30,100,123,221,281,56,35,22,0,0
201,130,9,859,1715,0.390947,30,100,123,221,281,56,35,22,0,0
202,130,9,859,1715,0.390947,30,100,123,221,281,56,35,22,0,0
203,130,8,859,1715,0.391398,29,100,123,221,281,56,35,22,0,0
204,130,8,859,1715,0.391398,29,100,123,221,281,56,35,22,0,0
205,130,6,859,1715,0.392289,27,100,123,221,281,56,35,22,0,0
206,130,6,859,1715,0.392289,27,100,123,221,281,56,35,22,0,0
207,130,6,859,1715,0.392289,27,100,123,221,281,56,35,22,0,0
208,130,5,859,1715,0.392731,26,100,123,221,281,56,35,22,0,0
209,130,3,859,1715,0.393626,24,100,123,221,281,56,35,22,0,0
210,130,3,859,1715,0.393626,24,100,123,221,281,56,35,22,0,0
211,130,3,859,1715,0.393626,24,100,123,221,281,56,35,22,0,0
212,130,3,859,1715,0.393626,24,100,123,221,281,56,35,22,0,0
213,130,3,859,1715,0.393626,24,100,123,221,281,56,35,22,0,0
214,130,3,859,1715,0.393626,24,100,123,221,281,56,35,22,0,0
215,130,3,859,1715,0.393626,24,100,123,221,281,56,35,22,0,0
216,130,3,859,1715,0.393626,24,100,123,221,281,56,35,22,0,0
217,130,2,859,1715,0.394083,23,100,123,221,281,56,35,22,0,0
218,130,2,859,1715,0.394083,23,100,123,221,281,56,35,22,0,0
219,130,2,859,1715,0.394083,23,100,123,221,281,56,35,22,0,0
220,130,2,859,1715,0.394083,23,100,123,221,281,56,35,22,0,0
221,130,2,859,1715,0.394083,23,100,123,221,281,56,35,22,0,0
222,130,2,859,1715,0.394083,23,100,123,221,281,56,35,22,0,0
223,130,2,859,1715,0.394083,23,100,123,221,281,56,35,22,0,0
224,130,2,859,1715,0.394083,23,100,123,221,281,56,35,22,0,0
225,130,2,859,1715,0.394083,23,100,123,221,281,56,35,22,0,0
226,130,2,859,1715,0.394083,23,100,123,221,281,56,35,22,0,0
227,130,2,859,1715,0.394083,23,100,123,221,281,56,35,22,0,0
228,130,2,859,1715,0.394083,23,100,123,221,281,56,35,22,0,0
229,130,2,859,1715,0.394083,23,100,123,221,281,56,35,22,0,0
230,130,2,859,1715,0.394083,23,100,123,221,281,56,35,22,0,0
231,130,2,859,1715,0.394083,23,100,123,221,281,56,35,22,0,0
232,130,1,859,1715,0.394537,22,100,123,221,281,56,35,22,0,0
233,130,1,859,1715,0.394537,22,100,123,221,281,56,35,22,0,0
234,130,1,859,1715,0.394537,22,100,123,221,281,56,35,22,0,0
235,130,1,859,1715,0.394537,22,100,123,221,281,56,35,22,0,0
236,130,1,859,1715,0.394537,22,100,123,221,281,56,35,22,0,0
237,130,1,859,1715,0.394537,22,100,123,221,281,56,35,22,0,0
238,130,0,859,1715,0.394994,21,100,123,221,281,56,35,22,0,0
239,130,0,859,1715,0.394994,21,100,123,221,281,56,35,22,0,0
240,130,0,859,1715,0.394994,21,100,123,221,281,56,35,22,0,0
241,130,0,859,1715,0.394994,21,100,123,221,281,56,35,22,0,0
242,130,0,859,1715,0.394994,21,100,123,221,281,56,35,22,0,0
243,130,0,859,1715,0.394994,21,100,123,221,281,56,35,22,0,0
244,130,0,859,1715,0.394994,21,100,123,221,281,56,35,22,0,0
245,130,0,859,1715,0.394994,21,100,123,221,281,56,35,22,0,0
246,130,0,859,1715,0.394994,21,100,123,221,281,56,35,22,0,0
247,130,0,859,1715,0.394994,21,100,123,221,281,56,35,22,0,0
248,130,0,859,1715,0.394994,21,100,123,221,281,56,35,22,0,0
249,130,0,859,1715,0.394994,21,100,123,221,281,56,35,22,0,0
250,130,0,859,1715,0.394994,21,100,123,221,281,56,35,22,0,0
251,130,0,859,1715,0.394994,21,100,123,221,281,56,35,22,0,0
252,130,0,859,1715,0.394994,21,100,123,221,281,56,35,22,0,0
253,130,0,859,1715,0.394994,21,100,123,221,281,56,35,22,0,0
254,130,0,859,1715,0.394994,21,100,123,221,281,56,35,22,0,0
255,130,0,859,1715,0.394994,21,100,123,221,281,56,35,22,0,0
256,130,0,859,1715,0.394994,21,100,123,221,281,56,35,22,0,0
257,130,0,859,1715,0.394994,21,100,123,221,281,56,35,22,0,0
258,130,0,859,1715,0.394994,21,100,123,221,281,56,35,22,0,0
259,130,0,859,1715,0.394994,21,100,123,221,281,56,35,22,0,0
260,130,0,859,1715,0.394994,21,100,123,221,281,56,35,22,0,0
261,130,0,859,1715,0.394994,21,100,123,221,281,56,35,22,0,0
262,130,0,859,1715,0.394994,21,100,123,221,281,56,35,22,0,0
263,130,0,859,1715,0.394994,21,100,123,221,281,56,35,22,0,0
264,130,0,859,1715,0.394994,21,100,123,221,281,56,35,22,0,0
265,130,0,859,1715,0.394994,21,100,123,221,281,56,35,22,0,0
266,130,0,859,1715,0.394994,21,100,123,221,281,56,35,22,0,0
267,130,0,859,1715,0.394994,21,100,123,221,281,56,35,22,0,0
268,130,0,859,1715,0.394994,21,100,123,221,281,56,35,22,0,0
269,130,0,859,1715,0.394994,21,100,123,221,281,56,35,22,0,0
270,130,0,859,1715,0.394994,21,100,123,221,281,56,35,22,0,0
271,130,0,859,1715,0.394994,21,100,123,221,281,56,35,22,0,0
272,130,0,859,1715,0.394994,21,100,123,221,281,56,35,22,0,0
273,130,0,859,1715,0.394994,21,100,123,221,281,56,35,22,0,0
274,130,0,859,1715,0.394994,21,100,123,221,281,56,35,22,0,0
275,130,0,859,1715,0.394994,21,100,123,221,281,56,35,22,0,0
276,130,0,859,1715,0.394994,21,100,123,221,281,56,35,22,0,0
277,130,0,859,1715,0.394994,21,100,123,221,281,56,35,22,0,0
278,130,0,859,1715,0.394994,21,100,123,221,281,56,35,22,0,0
279,130,0,859,1715,0.394994,21,100,123,221,281,56,35,22,0,0
280,130,0,859,1715,0.394994,21,100,123,221,281,56,35,22,0,0
281,130,0,859,1715,0.394994,21,100,123,221,281,56,35,22,0,0
282,130,0,859,1715,0.394994,21,100,123,221,281,56,35,22,0,0
283,130,0,859,1715,0.394994,21,100,123,221,281,56,35,22,0,0
284,130,0,859,1715,0.394994,21,100,123,221,281,56,35,22,0,0
285,130,0,859,1715,0.394994,21,100,123,221,281,56,35,22,0,0
286,130,0,859,1715,0.394994,21,100,123,221,281,56,35,22,0,0
287,130,0,859,1715,0.394994,21,100,123,221,281,56,35,22,0,0
288,130,0,859,1715,0.394994,21,100,123,221,281,56,35,22,0,0
289,130,0,859,1715,0.394994,21,100,123,221,281,56,35,22,0,0
290,130,0,859,1715,0.394994,21,100,123,221,281,56,35,22,0,0
291,130,0,859,1715,0.394994,21,100,123,221,281,56,35,22,0,0
292,130,0,859,1715,0.394994,21,100,123,221,281,56,35,22,0,0
293,130,0,859,1715,0.394994,21,100,123,221,281,56,35,22,0,0
294,130,0,859,1715,0.394994,21,100,123,221,281,56,35,22,0,0
295,130,0,859,1715,0.394994,21,100,123,221,281,56,35,22,0,0
296,130,0,859,1715,0.394994,21,100,123,221,281,56,35,22,0,0
297,130,0,859,1715,0.394994,21,100,123,221,281,56,35,22,0,0
298,130,0,859,1715,0.394994,21,100,123,221,281,56,35,22,0,0
299,130,0,859,1715,0.394994,21,100,123,221,281,56,35,22,0,0
300,130,0,859,1715,0.394994,21,100,123,221,281,56,35,22,0,0
301,130,0,859,1715,0.394994,21,100,123,221,281,56,35,22,0,0
302,130,0,859,1715,0.394994,21,100,123,221,281,56,35,22,0,0
303,130,0,859,1715,0.394994,21,100,123,221,281,56,35,22,0,0
304,130,0,859,1715,0.394994,21,100,123,221,281,56,35,22,0,0
305,130,0,859,1715,0.394994,21,100,123,221,281,56,35,22,0,0
306,130,0,859,1715,0.394994,21,100,123,221,281,56,35,22,0,0
307,130,0,859,1715,0.394994,21,100,123,221,281,56,35,22,0,0
308,130,0,859,1715,0.394994,21,100,123,221,281,56,35,22,0,0
309,130,0,859,1715,0.394994,21,100,123,221,281,56,35,22,0,0
310,130,0,859,1715,0.394994,21,100,123,221,281,56,35,22,0,0
311,130,0,859,1715,0.394994,21,100,123,221,281,56,35,22,0,0
312,130,0,859,1715,0.394994,21,100,123,221,281,56,35,22,0,0
313,130,0,859,1715,0.394994,21,100,123,221,281,56,35,22,0,0
314,130,0,859,1715,0.394994,21,100,123,221,281,56,35,22,0,0
315,130,0,859,1715,0.394994,21,100,123,221,281,56,35,22,0,0
316,130,0,859,1715,0.394994,21,100,123,221,281,56,35,22,0,0
317,130,0,859,1715,0.394994,21,100,123,221,281,56,35,22,0,0
318,130,0,859,1715,0.394994,21,100,123,221,281,56,35,22,0,0
319,130,0,859,1715,0.394994,21,100,123,221,281,56,35,22,0,0
320,130,0,859,1715,0.394994,21,100,123,221,281,56,35,22,0,0
321,130,0,859,1715,0.394994,21,100,123,221,281,56,35,22,0,0
322,130,0,859,1715,0.394994,21,100,123,221,281,56,35,22,0,0
323,130,0,859,1715,0.394994,21,100,123,221,281,56,35,22,0,0
324,130,0,859,1715,0.394994,21,100,123,221,281,56,35,22,0,0
325,130,0,859,1715,0.394994,21,100,123,221,281,56,35,22,0,0
326,130,0,859,1715,0.394994,21,100,123,221,281,56,35,22,0,0
327,130,0,859,1715,0.394994,21,100,123,221,281,56,35,22,0,0
328,130,0,859,1715,0.394994,21,100,123,221,281,56,35,22,0,0
329,130,0,859,1715,0.394994,21,100,123,221,281,56,35,22,0,0
330,130,0,859,1715,0.394994,21,100,123,221,281,56,35,22,0,0
331,130,0,859,1715,0.394994,21,100,123,221,281,56,35,22,0,0
332,130,0,859,1715,0.394994,21,100,123,221,281,56,35,22,0,0
333,130,0,859,1715,0.394994,21,100,123,221,281,56,35,22,0,0
334,130,0,859,1715,0.394994,21,100,123,221,281,56,35,22,0,0
335,130,0,859,1715,0.394994,21,100,123,221,281,56,35,22,0,0
336,130,0,859,1715,0.394994,21,100,123,221,281,56,35,22,0,0
337,130,0,859,1715,0.394994,21,100,123,221,281,56,35,22,0,0
338,130,0,859,1715,0.394994,21,100,123,221,281,56,35,22,0,0
339,130,0,859,1715,0.394994,21,100,123,221,281,56,35,22,0,0
340,130,0,859,1715,0.394994,21,100,123,221,281,56,35,22,0,0
341,130,0,859,1715,0.394994,21,100,123,221,281,56,35,22,0,0
342,130,0,859,1715,0.394994,21,100,123,221,281,56,35,22,0,0
343,130,0,859,1715,0.394994,21,100,123,221,281,56,35,22,0,0
344,130,0,859,1715,0.394994,21,100,123,221,281,56,35,22,0,0
345,130,0,859,1715,0.394994,21,100,123,221,281,56,35,22,0,0
346,130,0,859,1715,0.394994,21,100,123,221,281,56,35,22,0,0
347,130,0,859,1715,0.394994,21,100,123,221,281,56,35,22,0,0
348,130,0,859,1715,0.394994,21,100,123,221,281,56,35,22,0,0
349,130,0,859,1715,0.394994,21,100,123,221,281,56,35,22,0,0
350,130,0,859,1715,0.394994,21,100,123,221,281,56,35,22,0,0
351,130,0,859,1715,0.394994,21,100,123,221,281,56,35,22,0,0
352,130,0,859,1715,0.394994,21,100,123,221,281,56,35,22,0,0
353,130,0,859,1715,0.394994,21,100,123,221,281,56,35,22,0,0
354,130,0,859,1715,0.394994,21,100,123,221,281,56,35,22,0,0
355,130,0,859,1715,0.394994,21,100,123,221,281,56,35,22,0,0
356,130,0,859,1715,0.394994,21,100,123,221,281,56,35,22,0,0
357,130,0,859,1715,0.394994,21,100,123,221,281,56,35,22,0,0
358,130,0,859,1715,0.394994,21,100,123,221,281,56,35,22,0,0
359,130,0,859,1715,0.394994,21,100,123,221,281,56,35,22,0,0
360,130,0,859,1715,0.394994,21,100,123,221,281,56,35,22,0,0
361,130,0,859,1715,0.394994,21,100,123,221,281,56,35,22,0,0
362,130,0,859,1715,0.394994,21,100,123,221,281,56,35,22,0,0
363,130,0,859,1715,0.394994,21,100,123,221,281,56,35,22,0,0
364,130,0,859,1715,0.394994,21,100,123,221,281,56,35,22,0,0
365,130,0,859,1715,0.394994,21,100,123,221,281,56,35,22,0,0
366,130,0,859,1715,0.394994,21,100,123,221,281,56,35,22,0,0
367,130,0,859,1715,0.394994,21,100,123,221,281,56,35,22,0,0
368,130,0,859,1715,0.394994,21,100,123,221,281,56,35,22,0,0
369,130,0,859,1715,0.394994,21,100,123,221,281,56,35,22,0,0
370,130,0,859,1715,0.394994,21,100,123,221,281,56,35,22,0,0
371,130,0,859,1715,0.394994,21,100,123,221,281,56,35,22,0,0
372,130,0,859,1715,0.394994,21,100,123,221,281,56,35,22,0,0
373,130,0,859,1715,0.394994,21,100,123,221,281,56,35,22,0,0
374,130,0,859,1715,0.394994,21,100,123,221,281,56,35,22,0,0
375,130,0,859,1715,0.394994,21,100,123,221,281,56,35,22,0,0
376,130,0,859,1715,0.394994,21,100,123,221,281,56,35,22,0,0
377,130,0,859,1715,0.394994,21,100,123,221,281,56,35,22,0,0
378,130,0,859,1715,0.394994,21,100,123,221,281,56,35,22,0,0
379,130,0,859,1715,0.394994,21,100,123,221,281,56,35,22,0,0
380,130,0,859,1715,0.394994,21,100,123,221,281,56,35,22,0,0
381,130,0,859,1715,0.394994,21,100,123,221,281,56,35,22,0,0
382,130,0,859,1715,0.394994,21,100,123,221,281,56,35,22,0,0
383,130,0,859,1715,0.394994,21,100,123,221,281,56,35,22,0,0
384,130,0,859,1715,0.394994,21,100,123,221,281,56,35,22,0,0
385,130,0,859,1715,0.394994,21,100,123,221,281,56,35,22,0,0
386,130,0,859,1715,0.394994,21,100,123,221,281,56,35,22,0,0
387,130,0,859,1715,0.394994,21,100,123,221,281,56,35,22,0,0
388,130,0,859,1715,0.394994,21,100,123,221,281,56,35,22,0,0
389,130,0,859,1715,0.394994,21,100,123,221,281,56,35,22,0,0
390,130,0,859,1715,0.394994,21,100,123,221,281,56,35,22,0,0
391,130,0,859,1715,0.394994,21,100,123,221,281,56,35,22,0,0
392,130,0,859,1715,0.394994,21,100,123,221,281,56,35,22,0,0
393,130,0,859,1715,0.394994,21,100,123,221,281,56,35,22,0,0
394,130,0,859,1715,0.394994,21,100,123,221,281,56,35,22,0,0
395,130,0,859,1715,0.394994,21,100,123,221,281,56,35,22,0,0
396,130,0,859,1715,0.394994,21,100,123,221,281,56,35,22,0,0
397,130,0,859,1715,0.394994,21,100,123,221,281,56,35,22,0,0
398,130,0,859,1715,0.394994,21,100,123,221,281,56,35,22,0,0
399,130,0,859,1715,0.394994,21,100,123,221,281,56,35,22,0,0
400,130,0,859,1715,0.394994,21,100,123,221,281,56,35,22,0,0
401,130,0,859,1715,0.394994,21,100,123,221,281,56,35,22,0,0
402,130,0,859,1715,0.394994,21,100,123,221,281,56,35,22,0,0
403,130,0,859,1715,0.394994,21,100,123,221,281,56,35,22,0,0
404,130,0,859,1715,0.394994,21,100,123,221,281,56,35,22,0,0
405,130,0,859,1715,0.394994,21,100,123,221,281,56,35,22,0,0
406,130,0,859,1715,0.394994,21,100,123,221,281,56,35,22,0,0
407,130,0,859,1715,0.394994,21,100,123,221,281,56,35,22,0,0
408,130,0,859,1715,0.394994,21,100,123,221,281,56,35,22,0,0
409,130,0,859,1715,0.394994,21,100,123,221,281,56,35,22,0,0
410,130,0,859,1715,0.394994,21,100,123,221,281,56,35,22,0,0
411,130,0,859,1715,0.394994,21,100,123,221,281,56,35,22,0,0
412,130,0,859,1715,0.394994,21,100,123,221,281,56,35,22,0,0
413,130,0,859,1715,0.394994,21,100,123,221,281,56,35,22,0,0
414,130,0,859,1715,0.394994,21,100,123,221,281,56,35,22,0,0
415,130,0,859,1715,0.394994,21,100,123,221,281,56,35,22,0,0
416,130,0,859,1715,0.394994,21,100,123,221,281,56,35,22,0,0
417,130,0,859,1715,0.394994,21,100,123,221,281,56,35,22,0,0
418,130,0,859,1715,0.394994,21,100,123,221,281,56,35,22,0,0
419,130,0,859,1715,0.394994,21,100,123,221,281,56,35,22,0,0
420,130,0,859,1715,0.394994,21,100,123,221,281,56,35,22,0,0
421,130,0,859,1715,0.394994,21,100,123,221,281,56,35,22,0,0
422,130,0,859,1715,0.394994,21,100,123,221,281,56,35,22,0,0
423,130,0,859,1715,0.394994,21,100,123,221,281,56,35,22,0,0
424,130,0,859,1715,0.394994,21,100,123,221,281,56,35,22,0,0
425,130,0,859,1715,0.394994,21,100,123,221,281,56,35,22,0,0
426,130,0,859,1715,0.394994,21,100,123,221,281,56,35,22,0,0
427,130,0,859,1715,0.394994,21,100,123,221,281,56,35,22,0,0
428,130,0,859,1715,0.394994,21,100,123,221,281,56,35,22,0,0
429,130,0,859,1715,0.394994,21,100,123,221,281,56,35,22,0,0
430,130,0,859,1715,0.394994,21,100,123,221,281,56,35,22,0,0
431,130,0,859,1715,0.394994,21,100,123,221,281,56,35,22,0,0
432,130,0,859,1715,0.394994,21,100,123,221,281,56,35,22,0,0
433,130,0,859,1715,0.394994,21,100,123,221,281,56,35,22,0,0
434,130,0,859,1715,0.394994,21,100,123,221,281,56,35,22,0,0
435,130,0,859,1715,0.394994,21,100,123,221,281,56,35,22,0,0
436,130,0,859,1715,0.394994,21,100,123,221,281,56,35,22,0,0
437,130,0,859,1715,0.394994,21,100,123,221,281,56,35,22,0,0
438,130,0,859,1715,0.394994,21,100,123,221,281,56,35,22,0,0
439,130,0,859,1715,0.394994,21,100,123,221,281,56,35,22,0,0
440,130,0,859,1715,0.394994,21,100,123,221,281,56,35,22,0,0
441,130,0,859,1715,0.394994,21,100,123,221,281,56,35,22,0,0
442,130,0,859,1715,0.394994,21,100,123,221,281,56,35,22,0,0
443,130,0,859,1715,0.394994,21,100,123,221,281,56,35,22,0,0
444,130,0,859,1715,0.394994,21,100,123,221,281,56,35,22,0,0
445,130,0,859,1715,0.394994,21,100,123,221,281,56,35,22,0,0
446,130,0,859,1715,0.394994,21,100,123,221,281,56,35,22,0,0
447,130,0,859,1715,0.394994,21,100,123,221,281,56,35,22,0,0
448,130,0,859,1715,0.394994,21,100,123,221,281,56,35,22,0,0
449,130,0,859,1715,0.394994,21,100,123,221,281,56,35,22,0,0
450,130,0,859,1715,0.394994,21,100,123,221,281,56,35,22,0,0
451,130,0,859,1715,0.394994,21,100,123,221,281,56,35,22,0,0
452,130,0,859,1715,0.394994,21,100,123,221,281,56,35,22,0,0
453,130,0,859,1715,0.394994,21,100,123,221,281,56,35,22,0,0
454,130,0,859,1715,0.394994,21,100,123,221,281,56,35,22,0,0
455,130,0,859,1715,0.394994,21,100,123,221,281,56,35,22,0,0
456,130,0,859,1715,0.394994,21,100,123,221,281,56,35,22,0,0
457,130,0,859,1715,0.394994,21,100,123,221,281,56,35,22,0,0
458,130,0,859,1715,0.394994,21,100,123,221,281,56,35,22,0,0
459,130,0,859,1715,0.394994,21,100,123,221,281,56,35,22,0,0
460,130,0,859,1715,0.394994,21,100,123,221,281,56,35,22,0,0
461,130,0,859,1715,0.394994,21,100,123,221,281,56,35,22,0,0
462,130,0,859,1715,0.394994,21,100,123,221,281,56,35,22,0,0
463,130,0,859,1715,0.394994,21,100,123,221,281,56,35,22,0,0
464,130,0,859,1715,0.394994,21,100,123,221,281,56,35,22,0,0
465,130,0,859,1715,0.394994,21,100,123,221,281,56,35,22,0,0
466,130,0,859,1715,0.394994,21,100,123,221,281,56,35,22,0,0
467,130,0,859,1715,0.394994,21,100,123,221,281,56,35,22,0,0
468,130,0,859,1715,0.394994,21,100,123,221,281,56,35,22,0,0
469,130,0,859,1715,0.394994,21,100,123,221,281,56,35,22,0,0
470,130,0,859,1715,0.394994,21,100,123,221,281,56,35,22,0,0
471,130,0,859,1715,0.394994,21,100,123,221,281,56,35,22,0,0
472,130,0,859,1715,0.394994,21,100,123,221,281,56,35,22,0,0
473,130,0,859,1715,0.394994,21,100,123,221,281,56,35,22,0,0
474,130,0,859,1715,0.394994,21,100,123,221,281,56,35,22,0,0
475,130,0,859,1715,0.394994,21,100,123,221,281,56,35,22,0,0
476,130,0,859,1715,0.394994,21,100,123,221,281,56,35,22,0,0
477,130,0,859,1715,0.394994,21,100,123,221,281,56,35,22,0,0
478,130,0,859,1715,0.394994,21,100,123,221,281,56,35,22,0,0
479,130,0,859,1715,0.394994,21,100,123,221,281,56,35,22,0,0
480,130,0,859,1715,0.394994,21,100,123,221,281,56,35,22,0,0
481,130,0,859,1715,0.394994,21,100,123,221,281,56,35,22,0,0
482,130,0,859,1715,0.394994,21,100,123,221,281,56,35,22,0,0
483,130,0,859,1715,0.394994,21,100,123,221,281,56,35,22,0,0
484,130,0,859,1715,0.394994,21,100,123,221,281,56,35,22,0,0
485,130,0,859,1715,0.394994,21,100,123,221,281,56,35,22,0,0
486,130,0,859,1715,0.394994,21,100,123,221,281,56,35,22,0,0
487,130,0,859,1715,0.394994,21,100,123,221,281,56,35,22,0,0
488,130,0,859,1715,0.394994,21,100,123,221,281,56,35,22,0,0
489,130,0,859,1715,0.394994,21,100,123,221,281,56,35,22,0,0
490,130,0,859,1715,0.394994,21,100,123,221,281,56,35,22,0,0
491,130,0,859,1715,0.394994,21,100,123,221,281,56,35,22,0,0
492,130,0,859,1715,0.394994,21,100,123,221,281,56,35,22,0,0
493,130,0,859,1715,0.394994,21,100,123,221,281,56,35,22,0,0
494,130,0,859,1715,0.394994,21,100,123,221,281,56,35,22,0,0
495,130,0,859,1715,0.394994,21,100,123,221,281,56,35,22,0,0
496,130,0,859,1715,0.394994,21,100,123,221,281,56,35,22,0,0
497,130,0,859,1715,0.394994,21,100,123,221,281,56,35,22,0,0
498,130,0,859,1715,0.394994,21,100,123,221,281,56,35,22,0,0
499,130,0,859,1715,0.394994,21,100,123,221,281,56,35,22,0,0
500,130,0,859,1715,0.394994,21,100,123,221,281,56,35,22,0,0
501,130,0,859,1715,0.394994,21,100,123,221,281,56,35,22,0,0
502,130,0,859,1715,0.394994,21,100,123,221,281,56,35,22,0,0
503,130,0,859,1715,0.394994,21,100,123,221,281,56,35,22,0,0
504,130,0,859,1715,0.394994,21,100,123,221,281,56,35,22,0,0
505,130,0,859,1715,0.394994,21,100,123,221,281,56,35,22,0,0
506,130,0,859,1715,0.394994,21,100,123,221,281,56,35,22,0,0
507,130,0,859,1715,0.394994,21,100,123,221,281,56,35,22,0,0
508,130,0,859,1715,0.394994,21,100,123,221,281,56,35,22,0,0
509,130,0,859,1715,0.394994,21,100,123,221,281,56,35,22,0,0
510,130,0,859,1715,0.394994,21,100,123,221,281,56,35,22,0,0
511,130,0,859,1715,0.394994,21,100,123,221,281,56,35,22,0,0
512,130,0,859,1715,0.394994,21,100,123,221,281,56,35,22,0,0
513,130,0,859,1715,0.394994,21,100,123,221,281,56,35,22,0,0
514,130,0,859,1715,0.394994,21,100,123,221,281,56,35,22,0,0
515,130,0,859,1715,0.394994,21,100,123,221,281,56,35,22,0,0
516,130,0,859,1715,0.394994,21,100,123,221,281,56,35,22,0,0
517,130,0,859,1715,0.394994,21,100,123,221,281,56,35,22,0,0
518,130,0,859,1715,0.394994,21,100,123,221,281,56,35,22,0,0
519,130,0,859,1715,0.394994,21,100,123,221,281,56,35,22,0,0
520,130,0,859,1715,0.394994,21,100,123,221,281,56,35,22,0,0
521,130,0,859,1715,0.394994,21,100,123,221,281,56,35,22,0,0
522,130,0,859,1715,0.394994,21,100,123,221,281,56,35,22,0,0
523,130,0,859,1715,0.394994,21,100,123,221,281,56,35,22,0,0
524,130,0,859,1715,0.394994,21,100,123,221,281,56,35,22,0,0
525,130,0,859,1715,0.394994,21,100,123,221,281,56,35,22,0,0
526,130,0,859,1715,0.394994,21,100,123,221,281,56,35,22,0,0
527,130,0,859,1715,0.394994,21,100,123,221,281,56,35,22,0,0
528,130,0,859,1715,0.394994,21,100,123,221,281,56,35,22,0,0
529,130,0,859,1715,0.394994,21,100,123,221,281,56,35,22,0,0
530,130,0,859,1715,0.394994,21,100,123,221,281,56,35,22,0,0
531,130,0,859,1715,0.394994,21,100,123,221,281,56,35,22,0,0
532,130,0,859,1715,0.394994,21,100,123,221,281,56,35,22,0,0
533,130,0,859,1715,0.394994,21,100,123,221,281,56,35,22,0,0
534,130,0,859,1715,0.394994,21,100,123,221,281,56,35,22,0,0
535,130,0,859,1715,0.394994,21,100,123,221,281,56,35,22,0,0
536,130,0,859,1715,0.394994,21,100,123,221,281,56,35,22,0,0
537,130,0,859,1715,0.394994,21,100,123,221,281,56,35,22,0,0
538,130,0,859,1715,0.394994,21,100,123,221,281,56,35,22,0,0
539,130,0,859,1715,0.394994,21,100,123,221,281,56,35,22,0,0
540,130,0,859,1715,0.394994,21,100,123,221,281,56,35,22,0,0
541,130,0,859,1715,0.394994,21,100,123,221,281,56,35,22,0,0
542,130,0,859,1715,0.394994,21,100,123,221,281,56,35,22,0,0
543,130,0,859,1715,0.394994,21,100,123,221,281,56,35,22,0,0
544,130,0,859,1715,0.394994,21,100,123,221,281,56,35,22,0,0
545,130,0,859,1715,0.394994,21,100,123,221,281,56,35,22,0,0
546,130,0,859,1715,0.394994,21,100,123,221,281,56,35,22,0,0
547,130,0,859,1715,0.394994,21,100,123,221,281,56,35,22,0,0
548,130,0,859,1715,0.394994,21,100,123,221,281,56,35,22,0,0
549,130,0,859,1715,0.394994,21,100,123,221,281,56,35,22,0,0
550,130,0,859,1715,0.394994,21,100,123,221,281,56,35,22,0,0
551,130,0,859,1715,0.394994,21,100,123,221,281,56,35,22,0,0
552,130,0,859,1715,0.394994,21,100,123,221,281,56,35,22,0,0
553,130,0,859,1715,0.394994,21,100,123,221,281,56,35,22,0,0
554,130,0,859,1715,0.394994,21,100,123,221,281,56,35,22,0,0
555,130,0,859,1715,0.394994,21,100,123,221,281,56,35,22,0,0
556,130,0,859,1715,0.394994,21,100,123,221,281,56,35,22,0,0
557,130,0,859,1715,0.394994,21,100,123,221,281,56,35,22,0,0
558,130,0,859,1715,0.394994,21,100,123,221,281,56,35,22,0,0
559,130,0,859,1715,0.394994,21,100,123,221,281,56,35,22,0,0
560,130,0,859,1715,0.394994,21,100,123,221,281,56,35,22,0,0
561,130,0,859,1715,0.394994,21,100,123,221,281,56,35,22,0,0
562,130,0,859,1715,0.394994,21,100,123,221,281,56,35,22,0,0
563,130,0,859,1715,0.394994,21,100,123,221,281,56,35,22,0,0
564,130,0,859,1715,0.394994,21,100,123,221,281,56,35,22,0,0
565,130,0,859,1715,0.394994,21,100,123,221,281,56,35,22,0,0
566,130,0,859,1715,0.394994,21,100,123,221,281,56,35,22,0,0
567,130,0,859,1715,0.394994,21,100,123,221,281,56,35,22,0,0
568,130,0,859,1715,0.394994,21,100,123,221,281,56,35,22,0,0
569,130,0,859,1715,0.394994,21,100,123,221,281,56,35,22,0,0
570,130,0,859,1715,0.394994,21,100,123,221,281,56,35,22,0,0
571,130,0,859,1715,0.394994,21,100,123,221,281,56,35,22,0,0
572,130,0,859,1715,0.394994,21,100,123,221,281,56,35,22,0,0
573,130,0,859,1715,0.394994,21,100,123,221,281,56,35,22,0,0
574,130,0,859,1715,0.394994,21,100,123,221,281,56,35,22,0,0
575,130,0,859,1715,0.394994,21,100,123,221,281,56,35,22,0,0
576,130,0,859,1715,0.394994,21,100,123,221,281,56,35,22,0,0
577,130,0,859,1715,0.394994,21,100,123,221,281,56,35,22,0,0
578,130,0,859,1715,0.394994,21,100,123,221,281,56,35,22,0,0
579,130,0,859,1715,0.394994,21,100,123,221,281,56,35,22,0,0
580,130,0,859,1715,0.394994,21,100,123,221,281,56,35,22,0,0
581,130,0,859,1715,0.394994,21,100,123,221,281,56,35,22,0,0
582,130,0,859,1715,0.394994,21,100,123,221,281,56,35,22,0,0
583,130,0,859,1715,0.394994,21,100,123,221,281,56,35,22,0,0
584,130,0,859,1715,0.394994,21,100,123,221,281,56,35,22,0,0
585,130,0,859,1715,0.394994,21,100,123,221,281,56,35,22,0,0
586,130,0,859,1715,0.394994,21,100,123,221,281,56,35,22,0,0
587,130,0,859,1715,0.394994,21,100,123,221,281,56,35,22,0,0
588,130,0,859,1715,0.394994,21,100,123,221,281,56,35,22,0,0
589,130,0,859,1715,0.394994,21,100,123,221,281,56,35,22,0,0
590,130,0,859,1715,0.394994,21,100,123,221,281,56,35,22,0,0
591,130,0,859,1715,0.394994,21,100,123,221,281,56,35,22,0,0
592,130,0,859,1715,0.394994,21,100,123,221,281,56,35,22,0,0
593,130,0,859,1715,0.394994,21,100,123,221,281,56,35,22,0,0
594,130,0,859,1715,0.394994,21,100,123,221,281,56,35,22,0,0
595,130,0,859,1715,0.394994,21,100,123,221,281,56,35,22,0,0
596,130,0,859,1715,0.394994,21,100,123,221,281,56,35,22,0,0
597,130,0,859,1715,0.394994,21,100,123,221,281,56,35,22,0,0
598,130,0,859,1715,0.394994,21,100,123,221,281,56,35,22,0,0
599,130,0,859,1715,0.394994,21,100,123,221,281,56,35,22,0,0
600,130,0,859,1715,0.394994,21,100,123,221,281,56,35,22,0,0
601,130,0,859,1715,0.394994,21,100,123,221,281,56,35,22,0,0
602,130,0,859,1715,0.394994,21,100,123,221,281,56,35,22,0,0
603,130,0,859,1715,0.394994,21,100,123,221,281,56,35,22,0,0
604,130,0,859,1715,0.394994,21,100,123,221,281,56,35,22,0,0
605,130,0,859,1715,0.394994,21,100,123,221,281,56,35,22,0,0
606,130,0,859,1715,0.394994,21,100,123,221,281,56,35,22,0,0
607,130,0,859,1715,0.394994,21,100,123,221,281,56,35,22,0,0
608,130,0,859,1715,0.394994,21,100,123,221,281,56,35,22,0,0
609,130,0,859,1715,0.394994,21,100,123,221,281,56,35,22,0,0
610,130,0,859,1715,0.394994,21,100,123,221,281,56,35,22,0,0
611,130,0,859,1715,0.394994,21,100,123,221,281,56,35,22,0,0
612,130,0,859,1715,0.394994,21,100,123,221,281,56,35,22,0,0
613,130,0,859,1715,0.394994,21,100,123,221,281,56,35,22,0,0
614,130,0,859,1715,0.394994,21,100,123,221,281,56,35,22,0,0
615,130,0,859,1715,0.394994,21,100,123,221,281,56,35,22,0,0
616,130,0,859,1715,0.394994,21,100,123,221,281,56,35,22,0,0
617,130,0,859,1715,0.394994,21,100,123,221,281,56,35,22,0,0
618,130,0,859,1715,0.394994,21,100,123,221,281,56,35,22,0,0
619,130,0,859,1715,0.394994,21,100,123,221,281,56,35,22,0,0
620,130,0,859,1715,0.394994,21,100,123,221,281,56,35,22,0,0
621,130,0,859,1715,0.394994,21,100,123,221,281,56,35,22,0,0
622,130,0,859,1715,0.394994,21,100,123,221,281,56,35,22,0,0
623,130,0,859,1715,0.394994,21,100,123,221,281,56,35,22,0,0
624,130,0,859,1715,0.394994,21,100,123,221,281,56,35,22,0,0
625,130,0,859,1715,0.394994,21,100,123,221,281,56,35,22,0,0
626,130,0,859,1715,0.394994,21,100,123,221,281,56,35,22,0,0
627,130,0,859,1715,0.394994,21,100,123,221,281,56,35,22,0,0
628,130,0,859,1715,0.394994,21,100,123,221,281,56,35,22,0,0
629,130,0,859,1715,0.394994,21,100,123,221,281,56,35,22,0,0
630,130,0,859,1715,0.394994,21,100,123,221,281,56,35,22,0,0
631,130,0,859,1715,0.394994,21,100,123,221,281,56,35,22,0,0
632,130,0,859,1715,0.394994,21,100,123,221,281,56,35,22,0,0
633,130,0,859,1715,0.394994,21,100,123,221,281,56,35,22,0,0
634,130,0,859,1715,0.394994,21,100,123,221,281,56,35,22,0,0
635,130,0,859,1715,0.394994,21,100,123,221,281,56,35,22,0,0
636,130,0,859,1715,0.394994,21,100,123,221,281,56,35,22,0,0
637,130,0,859,1715,0.394994,21,100,123,221,281,56,35,22,0,0
638,130,0,859,1715,0.394994,21,100,123,221,281,56,35,22,0,0
639,130,0,859,1715,0.394994,21,100,123,221,281,56,35,22,0,0
640,130,0,859,1715,0.394994,21,100,123,221,281,56,35,22,0,0
641,130,0,859,1715,0.394994,21,100,123,221,281,56,35,22,0,0
642,130,0,859,1715,0.394994,21,100,123,221,281,56,35,22,0,0
643,130,0,859,1715,0.394994,21,100,123,221,281,56,35,22,0,0
644,130,0,859,1715,0.394994,21,100,123,221,281,56,35,22,0,0
645,130,0,859,1715,0.394994,21,100,123,221,281,56,35,22,0,0
646,130,0,859,1715,0.394994,21,100,123,221,281,56,35,22,0,0
647,130,0,859,1715,0.394994,21,100,123,221,281,56,35,22,0,0
648,130,0,859,1715,0.394994,21,100,123,221,281,56,35,22,0,0
649,130,0,859,1715,0.394994,21,100,123,221,281,56,35,22,0,0
650,130,0,859,1715,0.394994,21,100,123,221,281,56,35,22,0,0
651,130,0,859,1715,0.394994,21,100,123,221,281,56,35,22,0,0
652,130,0,859,1715,0.394994,21,100,123,221,281,56,35,22,0,0
653,130,0,859,1715,0.394994,21,100,123,221,281,56,35,22,0,0
654,130,0,859,1715,0.394994,21,100,123,221,281,56,35,22,0,0
655,130,0,859,1715,0.394994,21,100,123,221,281,56,35,22,0,0
656,130,0,859,1715,0.394994,21,100,123,221,281,56,35,22,0,0
657,130,0,859,1715,0.394994,21,100,123,221,281,56,35,22,0,0
658,130,0,859,1715,0.394994,21,100,123,221,281,56,35,22,0,0
659,130,0,859,1715,0.394994,21,100,123,221,281,56,35,22,0,0
660,130,0,859,1715,0.394994,21,100,123,221,281,56,35,22,0,0
661,130,0,859,1715,0.394994,21,100,123,221,281,56,35,22,0,0
662,130,0,859,1715,0.394994,21,100,123,221,281,56,35,22,0,0
663,130,0,859,1715,0.394994,21,100,123,221,281,56,35,22,0,0
664,130,0,859,1715,0.394994,21,100,123,221,281,56,35,22,0,0
665,130,0,859,1715,0.394994,21,100,123,221,281,56,35,22,0,0
666,130,0,859,1715,0.394994,21,100,123,221,281,56,35,22,0,0
667,130,0,859,1715,0.394994,21,100,123,221,281,56,35,22,0,0
668,130,0,859,1715,0.394994,21,100,123,221,281,56,35,22,0,0
669,130,0,859,1715,0.394994,21,100,123,221,281,56,35,22,0,0
670,130,0,859,1715,0.394994,21,100,123,221,281,56,35,22,0,0
671,130,0,859,1715,0.394994,21,100,123,221,281,56,35,22,0,0
672,130,0,859,1715,0.394994,21,100,123,221,281,56,35,22,0,0
673,130,0,859,1715,0.394994,21,100,123,221,281,56,35,22,0,0
674,130,0,859,1715,0.394994,21,100,123,221,281,56,35,22,0,0
675,130,0,859,1715,0.394994,21,100,123,221,281,56,35,22,0,0
676,130,0,859,1715,0.394994,21,100,123,221,281,56,35,22,0,0
677,130,0,859,1715,0.394994,21,100,123,221,281,56,35,22,0,0
678,130,0,859,1715,0.394994,21,100,123,221,281,56,35,22,0,0
679,130,0,859,1715,0.394994,21,100,123,221,281,56,35,22,0,0
680,130,0,859,1715,0.394994,21,100,123,221,281,56,35,22,0,0
681,130,0,859,1715,0.394994,21,100,123,221,281,56,35,22,0,0
682,130,0,859,1715,0.394994,21,100,123,221,281,56,35,22,0,0
683,130,0,859,1715,0.394994,21,100,123,221,281,56,35,22,0,0
684,130,0,859,1715,0.394994,21,100,123,221,281,56,35,22,0,0
685,130,0,859,1715,0.394994,21,100,123,221,281,56,35,22,0,0
686,130,0,859,1715,0.394994,21,100,123,221,281,56,35,22,0,0
687,130,0,859,1715,0.394994,21,100,123,221,281,56,35,22,0,0
688,130,0,859,1715,0.394994,21,100,123,221,281,56,35,22,0,0
689,130,0,859,1715,0.394994,21,100,123,221,281,56,35,22,0,0
690,130,0,859,1715,0.394994,21,100,123,221,281,56,35,22,0,0
691,130,0,859,1715,0.394994,21,100,123,221,281,56,35,22,0,0
692,130,0,859,1715,0.394994,21,100,123,221,281,56,35,22,0,0
693,130,0,859,1715,0.394994,21,100,123,221,281,56,35,22,0,0
694,130,0,859,1715,0.394994,21,100,123,221,281,56,35,22,0,0
695,130,0,859,1715,0.394994,21,100,123,221,281,56,35,22,0,0
696,130,0,859,1715,0.394994,21,100,123,221,281,56,35,22,0,0
697,130,0,859,1715,0.394994,21,100,123,221,281,56,35,22,0,0
698,130,0,859,1715,0.394994,21,100,123,221,281,56,35,22,0,0
699,130,0,859,1715,0.394994,21,100,123,221,281,56,35,22,0,0
700,130,0,859,1715,0.394994,21,100,123,221,281,56,35,22,0,0
701,130,0,859,1715,0.394994,21,100,123,221,281,56,35,22,0,0
702,130,0,859,1715,0.394994,21,100,123,221,281,56,35,22,0,0
703,130,0,859,1715,0.394994,21,100,123,221,281,56,35,22,0,0
704,130,0,859,1715,0.394994,21,100,123,221,281,56,35,22,0,0
705,130,0,859,1715,0.394994,21,100,123,221,281,56,35,22,0,0
706,130,0,859,1715,0.394994,21,100,123,221,281,56,35,22,0,0
707,130,0,859,1715,0.394994,21,100,123,221,281,56,35,22,0,0
708,130,0,859,1715,0.394994,21,100,123,221,281,56,35,22,0,0
709,130,0,859,1715,0.394994,21,100,123,221,281,56,35,22,0,0
710,130,0,859,1715,0.394994,21,100,123,221,281,56,35,22,0,0
711,130,0,859,1715,0.394994,21,100,123,221,281,56,35,22,0,0
712,130,0,859,1715,0.394994,21,100,123,221,281,56,35,22,0,0
713,130,0,859,1715,0.394994,21,100,123,221,281,56,35,22,0,0
714,130,0,859,1715,0.394994,21,100,123,221,281,56,35,22,0,0
715,130,0,859,1715,0.394994,21,100,123,221,281,56,35,22,0,0
716,130,0,859,1715,0.394994,21,100,123,221,281,56,35,22,0,0
717,130,0,859,1715,0.394994,21,100,123,221,281,56,35,22,0,0
718,130,0,859,1715,0.394994,21,100,123,221,281,56,35,22,0,0
719,130,0,859,1715,0.394994,21,100,123,221,281,56,35,22,0,0
720,130,0,859,1715,0.394994,21,100,123,221,281,56,35,22,0,0
721,130,0,859,1715,0.394994,21,100,123,221,281,56,35,22,0,0
722,130,0,859,1715,0.394994,21,100,123,221,281,56,35,22,0,0
723,130,0,859,1715,0.394994,21,100,123,221,281,56,35,22,0,0
724,130,0,859,1715,0.394994,21,100,123,221,281,56,35,22,0,0
725,130,0,859,1715,0.394994,21,100,123,221,281,56,35,22,0,0
726,130,0,859,1715,0.394994,21,100,123,221,281,56,35,22,0,0
727,130,0,859,1715,0.394994,21,100,123,221,281,56,35,22,0,0
728,130,0,859,1715,0.394994,21,100,123,221,281,56,35,22,0,0
729,130,0,859,1715,0.394994,21,100,123,221,281,56,35,22,0,0
730,130,0,859,1715,0.394994,21,100,123,221,281,56,35,22,0,0
731,130,0,859,1715,0.394994,21,100,123,221,281,56,35,22,0,0
732,130,0,859,1715,0.394994,21,100,123,221,281,56,35,22,0,0
733,130,0,859,1715,0.394994,21,100,123,221,281,56,35,22,0,0
734,130,0,859,1715,0.394994,21,100,123,221,281,56,35,22,0,0
735,130,0,859,1715,0.394994,21,100,123,221,281,56,35,22,0,0
736,130,0,859,1715,0.394994,21,100,123,221,281,56,35,22,0,0
737,130,0,859,1715,0.394994,21,100,123,221,281,56,35,22,0,0
738,130,0,859,1715,0.394994,21,100,123,221,281,56,35,22,0,0
739,130,0,859,1715,0.394994,21,100,123,221,281,56,35,22,0,0
740,130,0,859,1715,0.394994,21,100,123,221,281,56,35,22,0,0
741,130,0,859,1715,0.394994,21,100,123,221,281,56,35,22,0,0
742,130,0,859,1715,0.394994,21,100,123,221,281,56,35,22,0,0
743,130,0,859,1715,0.394994,21,100,123,221,281,56,35,22,0,0
744,130,0,859,1715,0.394994,21,100,123,221,281,56,35,22,0,0
745,130,0,859,1715,0.394994,21,100,123,221,281,56,35,22,0,0
746,130,0,859,1715,0.394994,21,100,123,221,281,56,35,22,0,0
747,130,0,859,1715,0.394994,21,100,123,221,281,56,35,22,0,0
748,130,0,859,1715,0.394994,21,100,123,221,281,56,35,22,0,0
749,130,0,859,1715,0.394994,21,100,123,221,281,56,35,22,0,0
750,130,0,859,1715,0.394994,21,100,123,221,281,56,35,22,0,0
751,130,0,859,1715,0.394994,21,100,123,221,281,56,35,22,0,0
752,130,0,859,1715,0.394994,21,100,123,221,281,56,35,22,0,0
753,130,0,859,1715,0.394994,21,100,123,221,281,56,35,22,0,0
754,130,0,859,1715,0.394994,21,100,123,221,281,56,35,22,0,0
755,130,0,859,1715,0.394994,21,100,123,221,281,56,35,22,0,0
756,130,0,859,1715,0.394994,21,100,123,221,281,56,35,22,0,0
757,130,0,859,1715,0.394994,21,100,123,221,281,56,35,22,0,0
758,130,0,859,1715,0.394994,21,100,123,221,281,56,35,22,0,0
759,130,0,859,1715,0.394994,21,100,123,221,281,56,35,22,0,0
760,130,0,859,1715,0.394994,21,100,123,221,281,56,35,22,0,0
761,130,0,859,1715,0.394994,21,100,123,221,281,56,35,22,0,0
762,130,0,859,1715,0.394994,21,100,123,221,281,56,35,22,0,0
763,130,0,859,1715,0.394994,21,100,123,221,281,56,35,22,0,0
764,130,0,859,1715,0.394994,21,100,123,221,281,56,35,22,0,0
765,130,0,859,1715,0.394994,21,100,123,221,281,56,35,22,0,0
766,130,0,859,1715,0.394994,21,100,123,221,281,56,35,22,0,0
767,130,0,859,1715,0.394994,21,100,123,221,281,56,35,22,0,0
768,130,0,859,1715,0.394994,21,100,123,221,281,56,35,22,0,0
769,130,0,859,1715,0.394994,21,100,123,221,281,56,35,22,0,0
770,130,0,859,1715,0.394994,21,100,123,221,281,56,35,22,0,0
771,130,0,859,1715,0.394994,21,100,123,221,281,56,35,22,0,0
772,130,0,859,1715,0.394994,21,100,123,221,281,56,35,22,0,0
773,130,0,859,1715,0.394994,21,100,123,221,281,56,35,22,0,0
774,130,0,859,1715,0.394994,21,100,123,221,281,56,35,22,0,0
775,130,0,859,1715,0.394994,21,100,123,221,281,56,35,22,0,0
776,130,0,859,1715,0.394994,21,100,123,221,281,56,35,22,0,0
777,130,0,859,1715,0.394994,21,100,123,221,281,56,35,22,0,0
778,130,0,859,1715,0.394994,21,100,123,221,281,56,35,22,0,0
779,130,0,859,1715,0.394994,21,100,123,221,281,56,35,22,0,0
780,130,0,859,1715,0.394994,21,100,123,221,281,56,35,22,0,0
781,130,0,859,1715,0.394994,21,100,123,221,281,56,35,22,0,0
782,130,0,859,1715,0.394994,21,100,123,221,281,56,35,22,0,0
783,130,0,859,1715,0.394994,21,100,123,221,281,56,35,22,0,0
784,130,0,859,1715,0.394994,21,100,123,221,281,56,35,22,0,0
785,130,0,859,1715,0.394994,21,100,123,221,281,56,35,22,0,0
786,130,0,859,1715,0.394994,21,100,123,221,281,56,35,22,0,0
787,130,0,859,1715,0.394994,21,100,123,221,281,56,35,22,0,0
788,130,0,859,1715,0.394994,21,100,123,221,281,56,35,22,0,0
789,130,0,859,1715,0.394994,21,100,123,221,281,56,35,22,0,0
790,130,0,859,1715,0.394994,21,100,123,221,281,56,35,22,0,0
791,130,0,859,1715,0.394994,21,100,123,221,281,56,35,22,0,0
792,130,0,859,1715,0.394994,21,100,123,221,281,56,35,22,0,0
793,130,0,859,1715,0.394994,21,100,123,221,281,56,35,22,0,0
794,130,0,859,1715,0.394994,21,100,123,221,281,56,35,22,0,0
795,130,0,859,1715,0.394994,21,100,123,221,281,56,35,22,0,0
796,130,0,859,1715,0.394994,21,100,123,221,281,56,35,22,0,0
797,130,0,859,1715,0.394994,21,100,123,221,281,56,35,22,0,0
798,130,0,859,1715,0.394994,21,100,123,221,281,56,35,22,0,0
799,130,0,859,1715,0.394994,21,100,123,221,281,56,35,22,0,0
800,130,0,859,1715,0.394994,21,100,123,221,281,56,35,22,0,0
801,130,0,859,1715,0.394994,21,100,123,221,281,56,35,22,0,0
802,130,0,859,1715,0.394994,21,100,123,221,281,56,35,22,0,0
803,130,0,859,1715,0.394994,21,100,123,221,281,56,35,22,0,0
804,130,0,859,1715,0.394994,21,100,123,221,281,56,35,22,0,0
805,130,0,859,1715,0.394994,21,100,123,221,281,56,35,22,0,0
806,130,0,859,1715,0.394994,21,100,123,221,281,56,35,22,0,0
807,130,0,859,1715,0.394994,21,100,123,221,281,56,35,22,0,0
808,130,0,859,1715,0.394994,21,100,123,221,281,56,35,22,0,0
809,130,0,859,1715,0.394994,21,100,123,221,281,56,35,22,0,0
810,130,0,859,1715,0.394994,21,100,123,221,281,56,35,22,0,0
811,130,0,859,1715,0.394994,21,100,123,221,281,56,35,22,0,0
812,130,0,859,1715,0.394994,21,100,123,221,281,56,35,22,0,0
813,130,0,859,1715,0.394994,21,100,123,221,281,56,35,22,0,0
814,130,0,859,1715,0.394994,21,100,123,221,281,56,35,22,0,0
815,130,0,859,1715,0.394994,21,100,123,221,281,56,35,22,0,0
816,130,0,859,1715,0.394994,21,100,123,221,281,56,35,22,0,0
817,130,0,859,1715,0.394994,21,100,123,221,281,56,35,22,0,0
818,130,0,859,1715,0.394994,21,100,123,221,281,56,35,22,0,0
819,130,0,859,1715,0.394994,21,100,123,221,281,56,35,22,0,0
820,130,0,859,1715,0.394994,21,100,123,221,281,56,35,22,0,0
821,130,0,859,1715,0.394994,21,100,123,221,281,56,35,22,0,0
822,130,0,859,1715,0.394994,21,100,123,221,281,56,35,22,0,0
823,130,0,859,1715,0.394994,21,100,123,221,281,56,35,22,0,0
824,130,0,859,1715,0.394994,21,100,123,221,281,56,35,22,0,0
825,130,0,859,1715,0.394994,21,100,123,221,281,56,35,22,0,0
826,130,0,859,1715,0.394994,21,100,123,221,281,56,35,22,0,0
827,130,0,859,1715,0.394994,21,100,123,221,281,56,35,22,0,0
828,130,0,859,1715,0.394994,21,100,123,221,281,56,35,22,0,0
829,130,0,859,1715,0.394994,21,100,123,221,281,56,35,22,0,0
830,130,0,859,1715,0.394994,21,100,123,221,281,56,35,22,0,0
831,130,0,859,1715,0.394994,21,100,123,221,281,56,35,22,0,0
832,130,0,859,1715,0.394994,21,100,123,221,281,56,35,22,0,0
833,130,0,859,1715,0.394994,21,100,123,221,281,56,35,22,0,0
834,130,0,859,1715,0.394994,21,100,123,221,281,56,35,22,0,0
835,130,0,859,1715,0.394994,21,100,123,221,281,56,35,22,0,0
836,130,0,859,1715,0.394994,21,100,123,221,281,56,35,22,0,0
837,130,0,859,1715,0.394994,21,100,123,221,281,56,35,22,0,0
838,130,0,859,1715,0.394994,21,100,123,221,281,56,35,22,0,0
839,130,0,859,1715,0.394994,21,100,123,221,281,56,35,22,0,0
840,130,0,859,1715,0.394994,21,100,123,221,281,56,35,22,0,0
841,130,0,859,1715,0.394994,21,100,123,221,281,56,35,22,0,0
842,130,0,859,1715,0.394994,21,100,123,221,281,56,35,22,0,0
843,130,0,859,1715,0.394994,21,100,123,221,281,56,35,22,0,0
844,130,0,859,1715,0.394994,21,100,123,221,281,56,35,22,0,0
845,130,0,859,1715,0.394994,21,100,123,221,281,56,35,22,0,0
846,130,0,859,1715,0.394994,21,100,123,221,281,56,35,22,0,0
847,130,0,859,1715,0.394994,21,100,123,221,281,56,35,22,0,0
848,130,0,859,1715,0.394994,21,100,123,221,281,56,35,22,0,0
849,130,0,859,1715,0.394994,21,100,123,221,281,56,35,22,0,0
850,130,0,859,1715,0.394994,21,100,123,221,281,56,35,22,0,0
851,130,0,859,1715,0.394994,21,100,123,221,281,56,35,22,0,0
852,130,0,859,1715,0.394994,21,100,123,221,281,56,35,22,0,0
853,130,0,859,1715,0.394994,21,100,123,221,281,56,35,22,0,0
854,130,0,859,1715,0.394994,21,100,123,221,281,56,35,22,0,0
855,130,0,859,1715,0.394994,21,100,123,221,281,56,35,22,0,0
856,130,0,859,1715,0.394994,21,100,123,221,281,56,35,22,0,0
857,130,0,859,1715,0.394994,21,100,123,221,281,56,35,22,0,0
858,130,0,859,1715,0.394994,21,100,123,221,281,56,35,22,0,0
859,130,0,859,1715,0.394994,21,100,123,221,281,56,35,22,0,0
860,130,0,859,1715,0.394994,21,100,123,221,281,56,35,22,0,0
861,130,0,859,1715,0.394994,21,100,123,221,281,56,35,22,0,0
862,130,0,859,1715,0.394994,21,100,123,221,281,56,35,22,0,0
863,130,0,859,1715,0.394994,21,100,123,221,281,56,35,22,0,0
864,130,0,859,1715,0.394994,21,100,123,221,281,56,35,22,0,0
865,130,0,859,1715,0.394994,21,100,123,221,281,56,35,22,0,0
866,130,0,859,1715,0.394994,21,100,123,221,281,56,35,22,0,0
867,130,0,859,1715,0.394994,21,100,123,221,281,56,35,22,0,0
868,130,0,859,1715,0.394994,21,100,123,221,281,56,35,22,0,0
869,130,0,859,1715,0.394994,21,100,123,221,281,56,35,22,0,0
870,130,0,859,1715,0.394994,21,100,123,221,281,56,35,22,0,0
871,130,0,859,1715,0.394994,21,100,123,221,281,56,35,22,0,0
872,130,0,859,1715,0.394994,21,100,123,221,281,56,35,22,0,0
873,130,0,859,1715,0.394994,21,100,123,221,281,56,35,22,0,0
874,130,0,859,1715,0.394994,21,100,123,221,281,56,35,22,0,0
875,130,0,859,1715,0.394994,21,100,123,221,281,56,35,22,0,0
876,130,0,859,1715,0.394994,21,100,123,221,281,56,35,22,0,0
877,130,0,859,1715,0.394994,21,100,123,221,281,56,35,22,0,0
878,130,0,859,1715,0.394994,21,100,123,221,281,56,35,22,0,0
879,130,0,859,1715,0.394994,21,100,123,221,281,56,35,22,0,0
880,130,0,859,1715,0.394994,21,100,123,221,281,56,35,22,0,0
881,130,0,859,1715,0.394994,21,100,123,221,281,56,35,22,0,0
882,130,0,859,1715,0.394994,21,100,123,221,281,56,35,22,0,0
883,130,0,859,1715,0.394994,21,100,123,221,281,56,35,22,0,0
884,130,0,859,1715,0.394994,21,100,123,221,281,56,35,22,0,0
885,130,0,859,1715,0.394994,21,100,123,221,281,56,35,22,0,0
886,130,0,859,1715,0.394994,21,100,123,221,281,56,35,22,0,0
887,130,0,859,1715,0.394994,21,100,123,221,281,56,35,22,0,0
888,130,0,859,1715,0.394994,21,100,123,221,281,56,35,22,0,0
889,130,0,859,1715,0.394994,21,100,123,221,281,56,35,22,0,0
890,130,0,859,1715,0.394994,21,100,123,221,281,56,35,22,0,0
891,130,0,859,1715,0.394994,21,100,123,221,281,56,35,22,0,0
892,130,0,859,1715,0.394994,21,100,123,221,281,56,35,22,0,0
893,130,0,859,1715,0.394994,21,100,123,221,281,56,35,22,0,0
894,130,0,859,1715,0.394994,21,100,123,221,281,56,35,22,0,0
895,130,0,859,1715,0.394994,21,100,123,221,281,56,35,22,0,0
896,130,0,859,1715,0.394994,21,100,123,221,281,56,35,22,0,0
897,130,0,859,1715,0.394994,21,100,123,221,281,56,35,22,0,0
898,130,0,859,1715,0.394994,21,100,123,221,281,56,35,22,0,0
899,130,0,859,1715,0.394994,21,100,123,221,281,56,35,22,0,0
900,130,0,859,1715,0.394994,21,100,123,221,281,56,35,22,0,0
901,130,0,859,1715,0.394994,21,100,123,221,281,56,35,22,0,0
902,130,0,859,1715,0.394994,21,100,123,221,281,56,35,22,0,0
903,130,0,859,1715,0.394994,21,100,123,221,281,56,35,22,0,0
904,130,0,859,1715,0.394994,21,100,123,221,281,56,35,22,0,0
905,130,0,859,1715,0.394994,21,100,123,221,281,56,35,22,0,0
906,130,0,859,1715,0.394994,21,100,123,221,281,56,35,22,0,0
907,130,0,859,1715,0.394994,21,100,123,221,281,56,35,22,0,0
908,130,0,859,1715,0.394994,21,100,123,221,281,56,35,22,0,0
909,130,0,859,1715,0.394994,21,100,123,221,281,56,35,22,0,0
910,130,0,859,1715,0.394994,21,100,123,221,281,56,35,22,0,0
911,130,0,859,1715,0.394994,21,100,123,221,281,56,35,22,0,0
912,130,0,859,1715,0.394994,21,100,123,221,281,56,35,22,0,0
913,130,0,859,1715,0.394994,21,100,123,221,281,56,35,22,0,0
914,130,0,859,1715,0.394994,21,100,123,221,281,56,35,22,0,0
915,130,0,859,1715,0.394994,21,100,123,221,281,56,35,22,0,0
916,130,0,859,1715,0.394994,21,100,123,221,281,56,35,22,0,0
917,130,0,859,1715,0.394994,21,100,123,221,281,56,35,22,0,0
918,130,0,859,1715,0.394994,21,100,123,221,281,56,35,22,0,0
919,130,0,859,1715,0.394994,21,100,123,221,281,56,35,22,0,0
920,130,0,859,1715,0.394994,21,100,123,221,281,56,35,22,0,0
921,130,0,859,1715,0.394994,21,100,123,221,281,56,35,22,0,0
922,130,0,859,1715,0.394994,21,100,123,221,281,56,35,22,0,0
923,130,0,859,1715,0.394994,21,100,123,221,281,56,35,22,0,0
924,130,0,859,1715,0.394994,21,100,123,221,281,56,35,22,0,0
925,130,0,859,1715,0.394994,21,100,123,221,281,56,35,22,0,0
926,130,0,859,1715,0.394994,21,100,123,221,281,56,35,22,0,0
927,130,0,859,1715,0.394994,21,100,123,221,281,56,35,22,0,0
928,130,0,859,1715,0.394994,21,100,123,221,281,56,35,22,0,0
929,130,0,859,1715,0.394994,21,100,123,221,281,56,35,22,0,0
930,130,0,859,1715,0.394994,21,100,123,221,281,56,35,22,0,0
931,130,0,859,1715,0.394994,21,100,123,221,281,56,35,22,0,0
932,130,0,859,1715,0.394994,21,100,123,221,281,56,35,22,0,0
933,130,0,859,1715,0.394994,21,100,123,221,281,56,35,22,0,0
934,130,0,859,1715,0.394994,21,100,123,221,281,56,35,22,0,0
935,130,0,859,1715,0.394994,21,100,123,221,281,56,35,22,0,0
936,130,0,859,1715,0.394994,21,100,123,221,281,56,35,22,0,0
937,130,0,859,1715,0.394994,21,100,123,221,281,56,35,22,0,0
938,130,0,859,1715,0.394994,21,100,123,221,281,56,35,22,0,0
939,130,0,859,1715,0.394994,21,100,123,221,281,56,35,22,0,0
940,130,0,859,1715,0.394994,21,100,123,221,281,56,35,22,0,0
941,130,0,859,1715,0.394994,21,100,123,221,281,56,35,22,0,0
942,130,0,859,1715,0.394994,21,100,123,221,281,56,35,22,0,0
943,130,0,859,1715,0.394994,21,100,123,221,281,56,35,22,0,0
944,130,0,859,1715,0.394994,21,100,123,221,281,56,35,22,0,0
945,130,0,859,1715,0.394994,21,100,123,221,281,56,35,22,0,0
946,130,0,859,1715,0.394994,21,100,123,221,281,56,35,22,0,0
947,130,0,859,1715,0.394994,21,100,123,221,281,56,35,22,0,0
948,130,0,859,1715,0.394994,21,100,123,221,281,56,35,22,0,0
949,130,0,859,1715,0.394994,21,100,123,221,281,56,35,22,0,0
950,130,0,859,1715,0.394994,21,100,123,221,281,56,35,22,0,0
951,130,0,859,1715,0.394994,21,100,123,221,281,56,35,22,0,0
952,130,0,859,1715,0.394994,21,100,123,221,281,56,35,22,0,0
953,130,0,859,1715,0.394994,21,100,123,221,281,56,35,22,0,0
954,130,0,859,1715,0.394994,21,100,123,221,281,56,35,22,0,0
955,130,0,859,1715,0.394994,21,100,123,221,281,56,35,22,0,0
956,130,0,859,1715,0.394994,21,100,123,221,281,56,35,22,0,0
957,130,0,859,1715,0.394994,21,100,123,221,281,56,35,22,0,0
958,130,0,859,1715,0.394994,21,100,123,221,281,56,35,22,0,0
959,130,0,859,1715,0.394994,21,100,123,221,281,56,35,22,0,0
960,130,0,859,1715,0.394994,21,100,123,221,281,56,35,22,0,0
961,130,0,859,1715,0.394994,21,100,123,221,281,56,35,22,0,0
962,130,0,859,1715,0.394994,21,100,123,221,281,56,35,22,0,0
963,130,0,859,1715,0.394994,21,100,123,221,281,56,35,22,0,0
964,130,0,859,1715,0.394994,21,100,123,221,281,56,35,22,0,0
965,130,0,859,1715,0.394994,21,100,123,221,281,56,35,22,0,0
966,130,0,859,1715,0.394994,21,100,123,221,281,56,35,22,0,0
967,130,0,859,1715,0.394994,21,100,123,221,281,56,35,22,0,0
968,130,0,859,1715,0.394994,21,100,123,221,281,56,35,22,0,0
969,130,0,859,1715,0.394994,21,100,123,221,281,56,35,22,0,0
970,130,0,859,1715,0.394994,21,100,123,221,281,56,35,22,0,0
971,130,0,859,1715,0.394994,21,100,123,221,281,56,35,22,0,0
972,130,0,859,1715,0.394994,21,100,123,221,281,56,35,22,0,0
973,130,0,859,1715,0.394994,21,100,123,221,281,56,35,22,0,0
974,130,0,859,1715,0.394994,21,100,123,221,281,56,35,22,0,0
975,130,0,859,1715,0.394994,21,100,123,221,281,56,35,22,0,0
976,130,0,859,1715,0.394994,21,100,123,221,281,56,35,22,0,0
977,130,0,859,1715,0.394994,21,100,123,221,281,56,35,22,0,0
978,130,0,859,1715,0.394994,21,100,123,221,281,56,35,22,0,0
979,130,0,859,1715,0.394994,21,100,123,221,281,56,35,22,0,0
980,130,0,859,1715,0.394994,21,100,123,221,281,56,35,22,0,0
981,130,0,859,1715,0.394994,21,100,123,221,281,56,35,22,0,0
982,130,0,859,1715,0.394994,21,100,123,221,281,56,35,22,0,0
983,130,0,859,1715,0.394994,21,100,123,221,281,56,35,22,0,0
984,130,0,859,1715,0.394994,21,100,123,221,281,56,35,22,0,0
985,130,0,859,1715,0.394994,21,100,123,221,281,56,35,22,0,0
986,130,0,859,1715,0.394994,21,100,123,221,281,56,35,22,0,0
987,130,0,859,1715,0.394994,21,100,123,221,281,56,35,22,0,0
988,130,0,859,1715,0.394994,21,100,123,221,281,56,35,22,0,0
989,130,0,859,1715,0.394994,21,100,123,221,281,56,35,22,0,0
990,130,0,859,1715,0.394994,21,100,123,221,281,56,35,22,0,0
991,130,0,859,1715,0.394994,21,100,123,221,281,56,35,22,0,0
992,130,0,859,1715,0.394994,21,100,123,221,281,56,35,22,0,0
993,130,0,859,1715,0.394994,21,100,123,221,281,56,35,22,0,0
994,130,0,859,1715,0.394994,21,100,123,221,281,56,35,22,0,0
995,130,0,859,1715,0.394994,21,100,123,221,281,56,35,22,0,0
996,130,0,859,1715,0.394994,21,100,123,221,281,56,35,22,0,0
997,130,0,859,1715,0.394994,21,100,123,221,281,56,35,22,0,0
998,130,0,859,1715,0.394994,21,100,123,221,281,56,35,22,0,0
999,130,0,859,1715,0.394994,21,100,123,221,281,56,35,22,0,0
