update,bacteria_pop,phage_pop,lysogen_pop,arbitrium,mean_lysogeny_rate,Hist_0.0,Hist_0.1,Hist_0.2,Hist_0.3,Hist_0.4,Hist_0.5,Hist_0.6,Hist_0.7,Hist_0.8,Hist_0.9
0,1000,100,0,2,0.0916466,76,24,0,0,0,0,0,0,0,0
1,994,109,0,8,0.0917144,82,27,0,0,0,0,0,0,0,0
2,990,117,0,12,0.0933349,85,32,0,0,0,0,0,0,0,0
3,981,142,0,21,0.0952872,101,41,0,0,0,0,0,0,0,0
4,973,150,2,30,0.0971754,102,50,0,0,0,0,0,0,0,0
5,967,169,2,38,0.100508,104,67,0,0,0,0,0,0,0,0
6,960,185,3,47,0.0995192,119,69,0,0,0,0,0,0,0,0
7,953,209,3,57,0.09875,136,76,0,0,0,0,0,0,0,0
8,946,217,6,68,0.0972061,147,76,0,0,0,0,0,0,0,0
9,934,252,7,84,0.0989846,166,93,0,0,0,0,0,0,0,0
10,932,259,7,91,0.0962761,177,89,0,0,0,0,0,0,0,0
11,925,278,9,103,0.0970333,186,101,0,0,0,0,0,0,0,0
12,912,323,9,122,0.0985756,208,124,0,0,0,0,0,0,0,0
13,900,362,11,141,0.0984244,232,141,0,0,0,0,0,0,0,0
14,887,395,13,162,0.0965233,260,148,0,0,0,0,0,0,0,0
15,866,448,17,191,0.0973626,293,172,0,0,0,0,0,0,0,0
16,860,468,18,207,0.0970701,305,181,0,0,0,0,0,0,0,0
17,849,511,18,228,0.0963864,337,192,0,0,0,0,0,0,0,0
18,840,544,19,248,0.0960207,360,203,0,0,0,0,0,0,0,0
19,820,591,22,279,0.0966528,388,225,0,0,0,0,0,0,0,0
20,806,633,24,305,0.0960951,422,235,0,0,0,0,0,0,0,0
21,797,670,25,327,0.0958188,447,248,0,0,0,0,0,0,0,0
22,786,714,26,352,0.095464,474,266,0,0,0,0,0,0,0,0
23,774,752,27,378,0.0956854,502,277,0,0,0,0,0,0,0,0
24,765,777,30,402,0.0971071,505,302,0,0,0,0,0,0,0,0
25,750,827,33,432,0.0982142,523,337,0,0,0,0,0,0,0,0
26,728,893,35,470,0.0963164,584,344,0,0,0,0,0,0,0,0
27,713,942,38,502,0.0949227,628,352,0,0,0,0,0,0,0,0
28,697,995,43,535,0.0959071,647,391,0,0,0,0,0,0,0,0
29,680,1054,47,570,0.0960153,686,415,0,0,0,0,0,0,0,0
30,656,1140,50,612,0.0963269,736,454,0,0,0,0,0,0,0,0
31,638,1180,57,649,0.0962516,765,472,0,0,0,0,0,0,0,0
32,627,1220,61,679,0.0965702,787,494,0,0,0,0,0,0,0,0
33,617,1257,64,708,0.0968807,807,514,0,0,0,0,0,0,0,0
34,596,1300,69,748,0.0973016,830,539,0,0,0,0,0,0,0,0
35,568,1376,72,795,0.0965523,899,549,0,0,0,0,0,0,0,0
36,539,1453,83,844,0.0957644,965,571,0,0,0,0,0,0,0,0
37,520,1522,87,883,0.0962004,1007,602,0,0,0,0,0,0,0,0
38,500,1566,96,923,0.0964817,1047,615,0,0,0,0,0,0,0,0
39,471,1627,103,972,0.0965545,1092,638,0,0,0,0,0,0,0,0
40,455,1669,111,1008,0.0965186,1119,661,0,0,0,0,0,0,0,0
41,424,1727,123,1058,0.0962255,1171,679,0,0,0,0,0,0,0,0
42,409,1765,129,1092,0.0963969,1192,702,0,0,0,0,0,0,0,0
43,390,1802,137,1129,0.0962274,1220,719,0,0,0,0,0,0,0,0
44,369,1831,146,1168,0.0961762,1243,734,0,0,0,0,0,0,0,0
45,350,1864,156,1204,0.096101,1273,747,0,0,0,0,0,0,0,0
46,331,1898,166,1240,0.0957185,1313,751,0,0,0,0,0,0,0,0
47,321,1908,175,1266,0.0956081,1325,758,0,0,0,0,0,0,0,0
48,305,1924,186,1298,0.0953223,1344,766,0,0,0,0,0,0,0,0
49,291,1935,195,1327,0.0953425,1353,777,0,0,0,0,0,0,0,0
50,269,1958,207,1363,0.0953168,1385,780,0,0,0,0,0,0,0,0
51,269,1930,217,1377,0.0952851,1376,771,0,0,0,0,0,0,0,0
52,244,1970,230,1415,0.0951968,1412,788,0,0,0,0,0,0,0,0
53,227,1964,246,1444,0.0952826,1415,795,0,0,0,0,0,0,0,0
54,212,1948,261,1470,0.0947724,1433,776,0,0,0,0,0,0,0,0
55,201,1913,277,1492,0.0948939,1412,778,0,0,0,0,0,0,0,0
56,193,1883,291,1510,0.0952713,1387,787,0,0,0,0,0,0,0,0
57,185,1850,309,1527,0.0951742,1374,785,0,0,0,0,0,0,0,0
58,171,1843,326,1550,0.0950969,1378,791,0,0,0,0,0,0,0,0
59,160,1827,343,1569,0.0953992,1369,801,0,0,0,0,0,0,0,0
60,144,1822,361,1592,0.0953795,1374,809,0,0,0,0,0,0,0,0
61,141,1764,380,1602,0.0956124,1341,803,0,0,0,0,0,0,0,0
62,138,1689,400,1611,0.0958257,1302,787,0,0,0,0,0,0,0,0
63,134,1623,419,1621,0.0961783,1263,779,0,0,0,0,0,0,0,0
64,126,1580,434,1634,0.0964485,1238,776,0,0,0,0,0,0,0,0
65,119,1517,453,1646,0.0961876,1214,756,0,0,0,0,0,0,0,0
66,119,1449,473,1651,0.0964566,1180,742,0,0,0,0,0,0,0,0
67,110,1417,493,1664,0.0962497,1174,736,0,0,0,0,0,0,0,0
68,103,1347,514,1675,0.0964794,1140,721,0,0,0,0,0,0,0,0
69,99,1288,534,1682,0.0969993,1107,715,0,0,0,0,0,0,0,0
70,99,1214,553,1685,0.0972599,1070,697,0,0,0,0,0,0,0,0
71,98,1158,572,1689,0.0973585,1046,684,0,0,0,0,0,0,0,0
72,94,1104,590,1696,0.0976343,1015,679,0,0,0,0,0,0,0,0
73,95,1026,606,1697,0.0977319,982,650,0,0,0,0,0,0,0,0
74,95,968,623,1699,0.0978218,961,630,0,0,0,0,0,0,0,0
75,92,930,640,1704,0.0978907,945,625,0,0,0,0,0,0,0,0
76,90,869,657,1708,0.0981618,911,615,0,0,0,0,0,0,0,0
77,89,826,671,1711,0.0985924,887,610,0,0,0,0,0,0,0,0
78,91,777,685,1711,0.0986859,866,596,0,0,0,0,0,0,0,0
79,90,712,700,1714,0.0991056,830,582,0,0,0,0,0,0,0,0
80,91,657,713,1714,0.0990873,805,565,0,0,0,0,0,0,0,0
81,90,606,726,1716,0.0996827,773,559,0,0,0,0,0,0,0,0
82,87,580,738,1720,0.0999563,763,555,0,0,0,0,0,0,0,0
83,88,533,750,1720,0.100421,735,548,0,0,0,0,0,0,0,0
84,87,493,762,1722,0.100544,714,541,0,0,0,0,0,0,0,0
85,86,455,772,1724,0.100928,693,534,0,0,0,0,0,0,0,0
86,86,418,781,1725,0.101564,668,531,0,0,0,0,0,0,0,0
87,85,394,791,1727,0.101834,657,528,0,0,0,0,0,0,0,0
88,84,360,799,1729,0.101953,641,518,0,0,0,0,0,0,0,0
89,84,333,808,1729,0.102085,627,514,0,0,0,0,0,0,0,0
90,82,306,817,1731,0.10226,616,507,0,0,0,0,0,0,0,0
91,79,287,825,1734,0.102543,605,507,0,0,0,0,0,0,0,0
92,78,259,832,1735,0.102711,592,499,0,0,0,0,0,0,0,0
93,78,246,836,1735,0.103319,578,504,0,0,0,0,0,0,0,0
94,77,235,842,1736,0.103546,571,506,0,0,0,0,0,0,0,0
95,75,225,847,1738,0.103635,568,504,0,0,0,0,0,0,0,0
96,74,207,853,1739,0.104028,556,504,0,0,0,0,0,0,0,0
97,73,198,858,1740,0.104008,557,499,0,0,0,0,0,0,0,0
98,72,184,861,1741,0.104714,542,503,0,0,0,0,0,0,0,0
99,70,174,866,1743,0.104667,540,500,0,0,0,0,0,0,0,0
100,70,155,870,1743,0.104882,532,493,0,0,0,0,0,0,0,0
101,69,142,875,1744,0.105047,526,491,0,0,0,0,0,0,0,0
102,69,133,878,1744,0.10514,523,488,0,0,0,0,0,0,0,0
103,68,120,882,1745,0.105298,517,485,0,0,0,0,0,0,0,0
104,67,127,883,1746,0.105465,518,492,0,0,0,0,0,0,0,0
105,67,114,886,1746,0.105324,515,485,0,0,0,0,0,0,0,0
106,66,107,889,1747,0.105168,515,481,0,0,0,0,0,0,0,0
107,66,101,892,1747,0.105393,511,482,0,0,0,0,0,0,0,0
108,66,97,893,1747,0.105602,506,484,0,0,0,0,0,0,0,0
109,66,92,895,1747,0.105747,502,485,0,0,0,0,0,0,0,0
110,66,84,897,1747,0.105894,498,483,0,0,0,0,0,0,0,0
111,66,80,899,1747,0.105952,498,481,0,0,0,0,0,0,0,0
112,66,75,901,1747,0.106089,494,482,0,0,0,0,0,0,0,0
113,65,72,902,1748,0.105927,496,478,0,0,0,0,0,0,0,0
114,65,75,902,1748,0.105894,499,478,0,0,0,0,0,0,0,0
115,65,76,902,1748,0.106122,495,483,0,0,0,0,0,0,0,0
116,65,81,901,1748,0.105836,501,481,0,0,0,0,0,0,0,0
117,65,80,903,1748,0.106033,498,485,0,0,0,0,0,0,0,0
118,65,68,905,1748,0.105944,494,479,0,0,0,0,0,0,0,0
119,64,71,906,1749,0.10604,494,483,0,0,0,0,0,0,0,0
120,64,73,906,1749,0.106206,492,487,0,0,0,0,0,0,0,0
121,64,69,908,1749,0.106264,491,486,0,0,0,0,0,0,0,0
122,63,68,910,1750,0.106447,489,489,0,0,0,0,0,0,0,0
123,63,62,912,1750,0.106522,486,488,0,0,0,0,0,0,0,0
124,62,59,913,1751,0.106613,486,486,0,0,0,0,0,0,0,0
125,62,57,914,1751,0.106636,483,488,0,0,0,0,0,0,0,0
126,60,56,916,1753,0.106434,487,485,0,0,0,0,0,0,0,0
127,60,52,917,1753,0.106463,486,483,0,0,0,0,0,0,0,0
128,60,45,919,1753,0.106441,484,480,0,0,0,0,0,0,0,0
129,60,43,919,1753,0.106407,484,478,0,0,0,0,0,0,0,0
130,60,43,919,1753,0.10659,481,481,0,0,0,0,0,0,0,0
131,60,41,919,1753,0.106756,478,482,0,0,0,0,0,0,0,0
132,60,45,918,1753,0.106793,479,484,0,0,0,0,0,0,0,0
133,60,41,919,1753,0.106936,475,485,0,0,0,0,0,0,0,0
134,60,40,919,1753,0.107234,470,489,0,0,0,0,0,0,0,0
135,60,47,917,1753,0.107516,468,496,0,0,0,0,0,0,0,0
136,59,47,919,1754,0.107495,470,496,0,0,0,0,0,0,0,0
137,59,44,921,1754,0.107417,471,494,0,0,0,0,0,0,0,0
138,59,41,922,1754,0.107296,472,491,0,0,0,0,0,0,0,0
139,59,42,922,1754,0.107251,473,491,0,0,0,0,0,0,0,0
140,59,46,922,1754,0.107102,476,492,0,0,0,0,0,0,0,0
141,59,43,922,1754,0.107192,474,491,0,0,0,0,0,0,0,0
142,59,46,921,1754,0.106986,480,487,0,0,0,0,0,0,0,0
143,58,38,922,1755,0.106961,478,482,0,0,0,0,0,0,0,0
144,58,43,921,1755,0.10698,479,485,0,0,0,0,0,0,0,0
145,58,37,922,1755,0.106924,477,482,0,0,0,0,0,0,0,0
146,58,38,922,1755,0.106953,477,483,0,0,0,0,0,0,0,0
147,58,39,922,1755,0.106757,480,481,0,0,0,0,0,0,0,0
148,57,42,922,1756,0.106657,484,480,0,0,0,0,0,0,0,0
149,57,37,923,1756,0.10669,482,478,0,0,0,0,0,0,0,0
150,57,36,923,1756,0.106762,480,479,0,0,0,0,0,0,0,0
151,57,45,921,1756,0.106718,482,484,0,0,0,0,0,0,0,0
152,57,40,923,1756,0.106649,481,482,0,0,0,0,0,0,0,0
153,57,57,919,1756,0.106574,489,487,0,0,0,0,0,0,0,0
154,57,50,921,1756,0.106661,487,484,0,0,0,0,0,0,0,0
155,57,54,922,1756,0.106445,492,484,0,0,0,0,0,0,0,0
156,57,54,922,1756,0.106723,489,487,0,0,0,0,0,0,0,0
157,57,53,922,1756,0.106565,491,484,0,0,0,0,0,0,0,0
158,56,54,922,1757,0.106333,495,481,0,0,0,0,0,0,0,0
159,56,56,923,1757,0.106513,494,485,0,0,0,0,0,0,0,0
160,55,57,924,1758,0.106452,496,485,0,0,0,0,0,0,0,0
161,55,59,924,1758,0.106248,499,484,0,0,0,0,0,0,0,0
162,55,58,925,1758,0.106169,500,483,0,0,0,0,0,0,0,0
163,55,55,924,1758,0.106032,499,480,0,0,0,0,0,0,0,0
164,55,59,922,1758,0.10641,495,486,0,0,0,0,0,0,0,0
165,55,63,922,1758,0.106436,497,488,0,0,0,0,0,0,0,0
166,54,74,921,1759,0.106266,503,492,0,0,0,0,0,0,0,0
167,54,67,923,1759,0.106367,499,491,0,0,0,0,0,0,0,0
168,53,70,923,1760,0.105972,506,487,0,0,0,0,0,0,0,0
169,51,74,924,1762,0.10589,508,490,0,0,0,0,0,0,0,0
170,51,65,926,1762,0.10586,505,486,0,0,0,0,0,0,0,0
171,51,65,927,1762,0.105795,506,486,0,0,0,0,0,0,0,0
172,51,65,928,1762,0.105895,507,486,0,0,0,0,0,0,0,0
173,51,61,929,1762,0.105979,504,486,0,0,0,0,0,0,0,0
174,51,60,929,1762,0.106111,501,488,0,0,0,0,0,0,0,0
175,51,59,928,1762,0.106115,501,486,0,0,0,0,0,0,0,0
176,51,60,928,1762,0.106064,504,484,0,0,0,0,0,0,0,0
177,51,60,928,1762,0.106357,501,487,0,0,0,0,0,0,0,0
178,51,60,928,1762,0.106342,500,488,0,0,0,0,0,0,0,0
179,51,63,927,1762,0.106583,499,491,0,0,0,0,0,0,0,0
180,51,62,928,1762,0.106712,497,493,0,0,0,0,0,0,0,0
181,51,59,928,1762,0.106963,492,495,0,0,0,0,0,0,0,0
182,51,65,927,1762,0.107259,491,501,0,0,0,0,0,0,0,0
183,51,65,928,1762,0.107217,493,500,0,0,0,0,0,0,0,0
184,50,66,927,1763,0.107312,492,501,0,0,0,0,0,0,0,0
185,50,59,929,1763,0.107326,490,498,0,0,0,0,0,0,0,0
186,50,54,930,1763,0.107271,489,495,0,0,0,0,0,0,0,0
187,50,56,929,1763,0.107298,489,496,0,0,0,0,0,0,0,0
188,50,50,930,1763,0.107288,488,492,0,0,0,0,0,0,0,0
189,50,52,930,1763,0.107202,490,492,0,0,0,0,0,0,0,0
190,50,57,929,1763,0.107297,490,496,0,0,0,0,0,0,0,0
191,50,54,929,1763,0.107268,488,495,0,0,0,0,0,0,0,0
192,50,55,929,1763,0.107261,490,494,0,0,0,0,0,0,0,0
193,50,64,927,1763,0.107225,493,498,0,0,0,0,0,0,0,0
194,50,59,929,1763,0.107278,490,498,0,0,0,0,0,0,0,0
195,50,66,928,1763,0.107006,496,498,0,0,0,0,0,0,0,0
196,49,64,930,1764,0.107083,496,498,0,0,0,0,0,0,0,0
197,49,58,931,1764,0.107189,492,497,0,0,0,0,0,0,0,0
198,49,54,932,1764,0.107195,490,496,0,0,0,0,0,0,0,0
199,49,59,931,1764,0.10732,489,501,0,0,0,0,0,0,0,0
200,49,57,932,1764,0.10731,489,500,0,0,0,0,0,0,0,0
201,49,57,932,1764,0.107255,491,498,0,0,0,0,0,0,0,0
202,49,57,932,1764,0.107429,488,501,0,0,0,0,0,0,0,0
203,49,51,933,1764,0.107391,486,498,0,0,0,0,0,0,0,0
204,49,49,933,1764,0.107212,485,497,0,0,0,0,0,0,0,0
205,49,52,932,1764,0.10734,485,499,0,0,0,0,0,0,0,0
206,49,51,933,1764,0.107237,486,498,0,0,0,0,0,0,0,0
207,49,41,934,1764,0.107263,480,495,0,0,0,0,0,0,0,0
208,49,36,935,1764,0.107027,481,490,0,0,0,0,0,0,0,0
209,49,30,936,1764,0.107233,476,490,0,0,0,0,0,0,0,0
210,49,30,936,1764,0.107373,475,491,0,0,0,0,0,0,0,0
211,49,30,936,1764,0.107373,475,491,0,0,0,0,0,0,0,0
212,49,31,936,1764,0.107394,475,492,0,0,0,0,0,0,0,0
213,49,30,936,1764,0.107451,473,493,0,0,0,0,0,0,0,0
214,49,29,936,1764,0.107424,475,490,0,0,0,0,0,0,0,0
215,49,24,937,1764,0.107374,474,487,0,0,0,0,0,0,0,0
216,49,32,936,1764,0.107581,474,494,0,0,0,0,0,0,0,0
217,49,37,935,1764,0.107343,480,492,0,0,0,0,0,0,0,0
218,49,36,936,1764,0.107329,480,492,0,0,0,0,0,0,0,0
219,49,34,937,1764,0.107403,478,493,0,0,0,0,0,0,0,0
220,49,37,937,1764,0.10719,481,493,0,0,0,0,0,0,0,0
221,49,39,937,1764,0.107261,480,496,0,0,0,0,0,0,0,0
222,49,46,936,1764,0.107257,486,496,0,0,0,0,0,0,0,0
223,49,43,937,1764,0.10717,486,494,0,0,0,0,0,0,0,0
224,49,49,936,1764,0.107284,487,498,0,0,0,0,0,0,0,0
225,49,51,935,1764,0.107147,489,497,0,0,0,0,0,0,0,0
226,49,49,935,1764,0.107174,489,495,0,0,0,0,0,0,0,0
227,49,51,935,1764,0.107156,489,497,0,0,0,0,0,0,0,0
228,49,48,936,1764,0.107066,489,495,0,0,0,0,0,0,0,0
229,49,47,936,1764,0.107225,487,496,0,0,0,0,0,0,0,0
230,49,50,935,1764,0.107196,488,497,0,0,0,0,0,0,0,0
231,49,49,936,1764,0.107234,488,497,0,0,0,0,0,0,0,0
232,49,48,936,1764,0.106993,490,494,0,0,0,0,0,0,0,0
233,49,48,936,1764,0.107038,490,494,0,0,0,0,0,0,0,0
234,49,61,933,1764,0.107203,493,501,0,0,0,0,0,0,0,0
235,48,53,935,1765,0.10713,491,497,0,0,0,0,0,0,0,0
236,48,49,936,1765,0.107224,488,497,0,0,0,0,0,0,0,0
237,48,47,936,1765,0.107196,485,498,0,0,0,0,0,0,0,0
238,48,50,936,1765,0.107032,489,497,0,0,0,0,0,0,0,0
239,48,47,937,1765,0.107079,487,497,0,0,0,0,0,0,0,0
240,48,40,938,1765,0.107166,483,495,0,0,0,0,0,0,0,0
241,48,40,938,1765,0.107356,480,498,0,0,0,0,0,0,0,0
242,48,38,938,1765,0.107345,479,497,0,0,0,0,0,0,0,0
243,48,40,938,1765,0.107262,483,495,0,0,0,0,0,0,0,0
244,48,53,935,1765,0.107048,488,500,0,0,0,0,0,0,0,0
245,48,50,935,1765,0.106906,488,497,0,0,0,0,0,0,0,0
246,48,46,936,1765,0.10699,486,496,0,0,0,0,0,0,0,0
247,48,49,935,1765,0.107008,488,496,0,0,0,0,0,0,0,0
248,48,46,936,1765,0.107036,487,495,0,0,0,0,0,0,0,0
249,48,43,937,1765,0.107058,486,494,0,0,0,0,0,0,0,0
250,48,44,937,1765,0.107041,485,496,0,0,0,0,0,0,0,0
251,48,47,937,1765,0.107255,484,500,0,0,0,0,0,0,0,0
252,48,48,937,1765,0.107345,483,502,0,0,0,0,0,0,0,0
253,48,45,937,1765,0.107313,483,499,0,0,0,0,0,0,0,0
254,48,49,936,1765,0.107319,485,500,0,0,0,0,0,0,0,0
255,48,54,935,1765,0.107453,486,503,0,0,0,0,0,0,0,0
256,48,51,936,1765,0.107515,484,503,0,0,0,0,0,0,0,0
257,47,49,937,1766,0.107598,482,504,0,0,0,0,0,0,0,0
258,47,43,938,1766,0.107495,481,500,0,0,0,0,0,0,0,0
259,47,40,939,1766,0.107546,479,500,0,0,0,0,0,0,0,0
260,47,41,939,1766,0.107393,481,499,0,0,0,0,0,0,0,0
261,47,41,939,1766,0.107453,481,499,0,0,0,0,0,0,0,0
262,46,45,939,1767,0.107464,484,500,0,0,0,0,0,0,0,0
263,46,46,939,1767,0.107408,485,500,0,0,0,0,0,0,0,0
264,46,46,939,1767,0.107471,485,500,0,0,0,0,0,0,0,0
265,46,48,939,1767,0.107553,485,502,0,0,0,0,0,0,0,0
266,46,44,940,1767,0.107504,484,500,0,0,0,0,0,0,0,0
267,45,45,940,1768,0.107238,485,500,0,0,0,0,0,0,0,0
268,45,45,941,1768,0.107233,486,500,0,0,0,0,0,0,0,0
269,45,40,942,1768,0.107365,482,500,0,0,0,0,0,0,0,0
270,45,35,943,1768,0.107437,478,500,0,0,0,0,0,0,0,0
271,45,34,943,1768,0.107444,479,498,0,0,0,0,0,0,0,0
272,45,36,943,1768,0.107603,478,501,0,0,0,0,0,0,0,0
273,45,39,943,1768,0.107628,479,503,0,0,0,0,0,0,0,0
274,45,41,943,1768,0.107541,481,503,0,0,0,0,0,0,0,0
275,45,53,941,1768,0.107441,488,506,0,0,0,0,0,0,0,0
276,45,51,941,1768,0.107687,484,508,0,0,0,0,0,0,0,0
277,45,45,942,1768,0.107651,482,505,0,0,0,0,0,0,0,0
278,45,45,942,1768,0.107651,480,507,0,0,0,0,0,0,0,0
279,45,54,940,1768,0.107378,488,506,0,0,0,0,0,0,0,0
280,45,48,941,1768,0.107412,484,505,0,0,0,0,0,0,0,0
281,45,48,941,1768,0.107488,483,506,0,0,0,0,0,0,0,0
282,45,46,942,1768,0.107512,482,506,0,0,0,0,0,0,0,0
283,45,51,940,1768,0.107457,481,510,0,0,0,0,0,0,0,0
284,45,51,940,1768,0.107673,477,514,0,0,0,0,0,0,0,0
285,45,44,941,1768,0.107766,474,511,0,0,0,0,0,0,0,0
286,45,42,942,1768,0.107805,473,511,0,0,0,0,0,0,0,0
287,45,41,943,1768,0.107745,474,510,0,0,0,0,0,0,0,0
288,45,37,944,1768,0.107888,470,511,0,0,0,0,0,0,0,0
289,43,37,946,1770,0.107623,474,509,0,0,0,0,0,0,0,0
290,43,38,946,1770,0.10769,474,510,0,0,0,0,0,0,0,0
291,43,41,946,1770,0.107743,474,513,0,0,0,0,0,0,0,0
292,43,40,946,1770,0.107876,472,514,0,0,0,0,0,0,0,0
293,43,48,944,1770,0.107617,479,513,0,0,0,0,0,0,0,0
294,43,44,945,1770,0.107712,477,512,0,0,0,0,0,0,0,0
295,43,35,946,1770,0.10768,473,508,0,0,0,0,0,0,0,0
296,43,33,946,1770,0.107755,472,507,0,0,0,0,0,0,0,0
297,43,36,945,1770,0.107666,475,506,0,0,0,0,0,0,0,0
298,43,35,946,1770,0.107665,475,506,0,0,0,0,0,0,0,0
299,43,31,947,1770,0.107666,474,504,0,0,0,0,0,0,0,0
300,43,28,947,1770,0.107646,473,502,0,0,0,0,0,0,0,0
301,43,25,947,1770,0.107662,471,501,0,0,0,0,0,0,0,0
302,43,24,947,1770,0.107637,471,500,0,0,0,0,0,0,0,0
303,43,24,946,1770,0.107841,468,502,0,0,0,0,0,0,0,0
304,43,27,946,1770,0.107882,470,503,0,0,0,0,0,0,0,0
305,43,32,945,1770,0.108115,468,509,0,0,0,0,0,0,0,0
306,43,44,943,1770,0.108406,468,519,0,0,0,0,0,0,0,0
307,43,38,944,1770,0.108373,466,516,0,0,0,0,0,0,0,0
308,43,37,945,1770,0.108343,467,515,0,0,0,0,0,0,0,0
309,43,37,945,1770,0.108361,466,516,0,0,0,0,0,0,0,0
310,43,34,946,1770,0.108217,467,513,0,0,0,0,0,0,0,0
311,43,31,947,1770,0.108141,468,510,0,0,0,0,0,0,0,0
312,43,28,947,1770,0.108095,467,508,0,0,0,0,0,0,0,0
313,43,26,947,1770,0.108074,466,507,0,0,0,0,0,0,0,0
314,43,32,945,1770,0.108049,467,510,0,0,0,0,0,0,0,0
315,43,29,946,1770,0.108125,465,510,0,0,0,0,0,0,0,0
316,42,29,947,1771,0.108061,465,511,0,0,0,0,0,0,0,0
317,42,27,948,1771,0.108053,465,510,0,0,0,0,0,0,0,0
318,42,23,948,1771,0.107968,465,506,0,0,0,0,0,0,0,0
319,42,20,947,1771,0.107923,464,503,0,0,0,0,0,0,0,0
320,42,22,947,1771,0.107728,468,501,0,0,0,0,0,0,0,0
321,42,29,946,1771,0.107797,471,504,0,0,0,0,0,0,0,0
322,42,34,945,1771,0.107829,473,506,0,0,0,0,0,0,0,0
323,42,30,946,1771,0.107877,471,505,0,0,0,0,0,0,0,0
324,42,41,944,1771,0.10781,476,509,0,0,0,0,0,0,0,0
325,42,35,945,1771,0.10771,475,505,0,0,0,0,0,0,0,0
326,42,42,944,1771,0.107792,477,509,0,0,0,0,0,0,0,0
327,42,43,944,1771,0.10781,476,511,0,0,0,0,0,0,0,0
328,42,38,945,1771,0.107704,476,507,0,0,0,0,0,0,0,0
329,42,33,946,1771,0.107614,475,504,0,0,0,0,0,0,0,0
330,42,28,947,1771,0.107671,472,503,0,0,0,0,0,0,0,0
331,42,24,948,1771,0.107734,469,503,0,0,0,0,0,0,0,0
332,42,18,948,1771,0.107609,468,498,0,0,0,0,0,0,0,0
333,42,19,947,1771,0.107587,470,496,0,0,0,0,0,0,0,0
334,42,16,948,1771,0.107551,470,494,0,0,0,0,0,0,0,0
335,42,18,947,1771,0.107686,468,497,0,0,0,0,0,0,0,0
336,42,17,948,1771,0.107735,467,498,0,0,0,0,0,0,0,0
337,42,14,948,1771,0.107706,466,496,0,0,0,0,0,0,0,0
338,42,25,945,1771,0.107785,469,501,0,0,0,0,0,0,0,0
339,42,28,945,1771,0.107725,472,501,0,0,0,0,0,0,0,0
340,42,24,946,1771,0.107802,469,501,0,0,0,0,0,0,0,0
341,42,27,946,1771,0.107887,470,503,0,0,0,0,0,0,0,0
342,42,25,947,1771,0.107828,470,502,0,0,0,0,0,0,0,0
343,42,28,947,1771,0.107761,473,502,0,0,0,0,0,0,0,0
344,42,25,948,1771,0.107727,472,501,0,0,0,0,0,0,0,0
345,42,27,947,1771,0.107668,473,501,0,0,0,0,0,0,0,0
346,42,27,947,1771,0.107598,474,500,0,0,0,0,0,0,0,0
347,42,26,947,1771,0.107505,474,499,0,0,0,0,0,0,0,0
348,42,27,947,1771,0.107515,473,501,0,0,0,0,0,0,0,0
349,42,33,946,1771,0.107319,479,500,0,0,0,0,0,0,0,0
350,42,39,945,1771,0.107508,478,506,0,0,0,0,0,0,0,0
351,42,47,943,1771,0.107461,485,505,0,0,0,0,0,0,0,0
352,42,46,943,1771,0.107545,482,507,0,0,0,0,0,0,0,0
353,42,45,943,1771,0.107463,483,505,0,0,0,0,0,0,0,0
354,42,40,944,1771,0.107531,479,505,0,0,0,0,0,0,0,0
355,41,33,946,1772,0.107533,477,502,0,0,0,0,0,0,0,0
356,41,32,947,1772,0.10759,476,503,0,0,0,0,0,0,0,0
357,41,37,946,1772,0.107531,478,505,0,0,0,0,0,0,0,0
358,41,32,947,1772,0.107546,476,503,0,0,0,0,0,0,0,0
359,41,33,947,1772,0.10754,477,503,0,0,0,0,0,0,0,0
360,41,38,946,1772,0.107633,478,506,0,0,0,0,0,0,0,0
361,40,41,946,1773,0.107648,480,507,0,0,0,0,0,0,0,0
362,40,43,946,1773,0.107673,480,509,0,0,0,0,0,0,0,0
363,40,45,946,1773,0.107585,483,508,0,0,0,0,0,0,0,0
364,40,45,946,1773,0.107706,482,509,0,0,0,0,0,0,0,0
365,40,51,945,1773,0.107822,484,512,0,0,0,0,0,0,0,0
366,40,46,946,1773,0.107885,480,512,0,0,0,0,0,0,0,0
367,40,39,947,1773,0.107903,476,510,0,0,0,0,0,0,0,0
368,40,37,947,1773,0.108076,471,513,0,0,0,0,0,0,0,0
369,40,37,947,1773,0.107895,475,509,0,0,0,0,0,0,0,0
370,40,31,948,1773,0.10782,473,506,0,0,0,0,0,0,0,0
371,40,31,947,1773,0.107876,470,508,0,0,0,0,0,0,0,0
372,40,34,947,1773,0.107812,472,509,0,0,0,0,0,0,0,0
373,40,32,947,1773,0.107898,469,510,0,0,0,0,0,0,0,0
374,40,40,945,1773,0.107612,474,511,0,0,0,0,0,0,0,0
375,39,49,944,1774,0.107723,478,515,0,0,0,0,0,0,0,0
376,39,47,945,1774,0.107664,478,514,0,0,0,0,0,0,0,0
377,39,41,946,1774,0.107756,475,512,0,0,0,0,0,0,0,0
378,39,38,947,1774,0.107837,473,512,0,0,0,0,0,0,0,0
379,39,41,947,1774,0.107723,476,512,0,0,0,0,0,0,0,0
380,39,39,948,1774,0.107684,476,511,0,0,0,0,0,0,0,0
381,39,45,947,1774,0.107455,478,514,0,0,0,0,0,0,0,0
382,39,41,948,1774,0.107569,476,513,0,0,0,0,0,0,0,0
383,39,43,947,1774,0.107597,477,513,0,0,0,0,0,0,0,0
384,39,44,947,1774,0.107642,476,515,0,0,0,0,0,0,0,0
385,39,39,947,1774,0.107814,472,514,0,0,0,0,0,0,0,0
386,39,38,948,1774,0.107783,472,514,0,0,0,0,0,0,0,0
387,38,43,948,1775,0.107814,473,518,0,0,0,0,0,0,0,0
388,38,45,947,1775,0.107818,474,518,0,0,0,0,0,0,0,0
389,38,42,948,1775,0.10785,473,517,0,0,0,0,0,0,0,0
390,38,43,948,1775,0.107863,473,518,0,0,0,0,0,0,0,0
391,38,42,948,1775,0.107883,472,518,0,0,0,0,0,0,0,0
392,37,50,947,1776,0.107782,473,524,0,0,0,0,0,0,0,0
393,37,57,945,1776,0.107513,479,523,0,0,0,0,0,0,0,0
394,37,56,945,1776,0.107475,481,520,0,0,0,0,0,0,0,0
395,37,52,946,1776,0.107445,480,518,0,0,0,0,0,0,0,0
396,37,62,943,1776,0.107437,484,521,0,0,0,0,0,0,0,0
397,36,57,943,1777,0.107378,485,515,0,0,0,0,0,0,0,0
398,36,53,944,1777,0.107384,484,513,0,0,0,0,0,0,0,0
399,36,48,945,1777,0.107608,480,513,0,0,0,0,0,0,0,0
400,36,48,945,1777,0.107685,479,514,0,0,0,0,0,0,0,0
401,36,50,945,1777,0.10775,481,514,0,0,0,0,0,0,0,0
402,36,42,946,1777,0.107867,477,511,0,0,0,0,0,0,0,0
403,36,47,945,1777,0.10787,479,513,0,0,0,0,0,0,0,0
404,35,46,946,1778,0.107913,478,514,0,0,0,0,0,0,0,0
405,35,44,946,1778,0.10767,481,509,0,0,0,0,0,0,0,0
406,35,41,947,1778,0.107756,479,509,0,0,0,0,0,0,0,0
407,35,34,948,1778,0.107915,475,507,0,0,0,0,0,0,0,0
408,35,30,949,1778,0.107887,473,506,0,0,0,0,0,0,0,0
409,35,30,949,1778,0.107647,475,504,0,0,0,0,0,0,0,0
410,35,31,949,1778,0.107611,476,504,0,0,0,0,0,0,0,0
411,35,33,949,1778,0.107699,475,507,0,0,0,0,0,0,0,0
412,35,40,948,1778,0.10744,479,509,0,0,0,0,0,0,0,0
413,35,36,949,1778,0.107458,478,507,0,0,0,0,0,0,0,0
414,35,40,949,1778,0.107407,481,508,0,0,0,0,0,0,0,0
415,35,39,949,1778,0.107448,480,508,0,0,0,0,0,0,0,0
416,35,36,950,1778,0.107599,477,509,0,0,0,0,0,0,0,0
417,35,38,950,1778,0.107587,479,509,0,0,0,0,0,0,0,0
418,35,43,949,1778,0.107819,478,514,0,0,0,0,0,0,0,0
419,35,50,948,1778,0.107768,481,517,0,0,0,0,0,0,0,0
420,35,44,949,1778,0.107698,480,513,0,0,0,0,0,0,0,0
421,35,39,950,1778,0.1077,478,511,0,0,0,0,0,0,0,0
422,35,34,951,1778,0.107856,475,510,0,0,0,0,0,0,0,0
423,35,37,950,1778,0.108049,475,512,0,0,0,0,0,0,0,0
424,35,37,950,1778,0.108039,475,512,0,0,0,0,0,0,0,0
425,34,41,950,1779,0.108209,474,517,0,0,0,0,0,0,0,0
426,34,45,949,1779,0.108388,472,522,0,0,0,0,0,0,0,0
427,34,48,949,1779,0.108467,472,525,0,0,0,0,0,0,0,0
428,34,46,950,1779,0.108472,471,525,0,0,0,0,0,0,0,0
429,34,38,951,1779,0.108413,469,520,0,0,0,0,0,0,0,0
430,33,33,952,1780,0.108359,469,516,0,0,0,0,0,0,0,0
431,33,30,953,1780,0.108381,468,515,0,0,0,0,0,0,0,0
432,33,29,953,1780,0.108351,468,514,0,0,0,0,0,0,0,0
433,33,39,951,1780,0.108343,472,518,0,0,0,0,0,0,0,0
434,33,37,952,1780,0.108313,472,517,0,0,0,0,0,0,0,0
435,33,30,953,1780,0.108239,470,513,0,0,0,0,0,0,0,0
436,33,32,953,1780,0.108207,472,513,0,0,0,0,0,0,0,0
437,33,35,953,1780,0.108326,472,516,0,0,0,0,0,0,0,0
438,33,34,954,1780,0.108409,471,517,0,0,0,0,0,0,0,0
439,33,48,951,1780,0.108572,475,524,0,0,0,0,0,0,0,0
440,33,49,951,1780,0.108528,476,524,0,0,0,0,0,0,0,0
441,33,43,952,1780,0.1085,474,521,0,0,0,0,0,0,0,0
442,33,54,950,1780,0.108355,482,522,0,0,0,0,0,0,0,0
443,33,50,951,1780,0.108404,479,522,0,0,0,0,0,0,0,0
444,33,44,952,1780,0.108438,475,521,0,0,0,0,0,0,0,0
445,33,45,952,1780,0.108429,475,522,0,0,0,0,0,0,0,0
446,33,37,953,1780,0.108452,470,520,0,0,0,0,0,0,0,0
447,33,43,952,1780,0.108319,473,522,0,0,0,0,0,0,0,0
448,32,43,953,1781,0.108102,476,520,0,0,0,0,0,0,0,0
449,32,40,954,1781,0.108072,475,519,0,0,0,0,0,0,0,0
450,32,37,955,1781,0.108114,473,519,0,0,0,0,0,0,0,0
451,31,36,956,1782,0.108049,474,518,0,0,0,0,0,0,0,0
452,31,44,954,1782,0.107994,479,519,0,0,0,0,0,0,0,0
453,31,45,954,1782,0.108099,478,521,0,0,0,0,0,0,0,0
454,31,42,955,1782,0.108033,479,518,0,0,0,0,0,0,0,0
455,31,48,954,1782,0.107853,483,519,0,0,0,0,0,0,0,0
456,31,55,952,1782,0.107934,484,523,0,0,0,0,0,0,0,0
457,31,49,953,1782,0.107965,481,521,0,0,0,0,0,0,0,0
458,31,45,954,1782,0.108011,479,520,0,0,0,0,0,0,0,0
459,31,41,955,1782,0.108044,477,519,0,0,0,0,0,0,0,0
460,31,34,956,1782,0.108073,475,515,0,0,0,0,0,0,0,0
461,31,30,957,1782,0.107962,475,512,0,0,0,0,0,0,0,0
462,31,28,958,1782,0.107889,476,510,0,0,0,0,0,0,0,0
463,31,30,958,1782,0.107785,479,509,0,0,0,0,0,0,0,0
464,31,34,957,1782,0.107717,482,509,0,0,0,0,0,0,0,0
465,31,29,958,1782,0.107881,477,510,0,0,0,0,0,0,0,0
466,31,28,959,1782,0.107869,477,510,0,0,0,0,0,0,0,0
467,31,33,957,1782,0.107871,479,511,0,0,0,0,0,0,0,0
468,31,33,957,1782,0.107774,482,508,0,0,0,0,0,0,0,0
469,31,31,958,1782,0.1078,481,508,0,0,0,0,0,0,0,0
470,31,25,959,1782,0.107898,477,507,0,0,0,0,0,0,0,0
471,31,30,957,1782,0.10756,481,506,0,0,0,0,0,0,0,0
472,31,25,958,1782,0.107686,477,506,0,0,0,0,0,0,0,0
473,31,26,958,1782,0.107874,475,509,0,0,0,0,0,0,0,0
474,31,29,958,1782,0.107786,478,509,0,0,0,0,0,0,0,0
475,31,25,959,1782,0.10789,475,509,0,0,0,0,0,0,0,0
476,31,35,956,1782,0.108066,475,516,0,0,0,0,0,0,0,0
477,31,43,955,1782,0.10824,476,522,0,0,0,0,0,0,0,0
478,31,43,954,1782,0.108253,474,523,0,0,0,0,0,0,0,0
479,31,38,955,1782,0.108246,473,520,0,0,0,0,0,0,0,0
480,31,39,955,1782,0.108114,475,519,0,0,0,0,0,0,0,0
481,31,34,956,1782,0.108097,474,516,0,0,0,0,0,0,0,0
482,31,30,957,1782,0.108152,472,515,0,0,0,0,0,0,0,0
483,31,32,957,1782,0.108068,475,514,0,0,0,0,0,0,0,0
484,31,33,957,1782,0.107953,477,513,0,0,0,0,0,0,0,0
485,31,30,958,1782,0.107959,476,512,0,0,0,0,0,0,0,0
486,31,32,958,1782,0.107898,478,512,0,0,0,0,0,0,0,0
487,31,30,959,1782,0.107867,478,511,0,0,0,0,0,0,0,0
488,31,29,959,1782,0.10786,478,510,0,0,0,0,0,0,0,0
489,31,26,959,1782,0.107805,477,508,0,0,0,0,0,0,0,0
490,31,35,956,1782,0.107858,481,510,0,0,0,0,0,0,0,0
491,31,38,956,1782,0.107869,483,511,0,0,0,0,0,0,0,0
492,31,41,955,1782,0.108076,481,515,0,0,0,0,0,0,0,0
493,31,39,956,1782,0.108076,480,515,0,0,0,0,0,0,0,0
494,31,48,954,1782,0.108184,482,520,0,0,0,0,0,0,0,0
495,31,46,955,1782,0.108173,481,520,0,0,0,0,0,0,0,0
496,31,41,956,1782,0.108226,478,519,0,0,0,0,0,0,0,0
497,31,53,954,1782,0.108497,479,528,0,0,0,0,0,0,0,0
498,31,55,954,1782,0.108558,479,530,0,0,0,0,0,0,0,0
499,31,50,955,1782,0.108403,479,526,0,0,0,0,0,0,0,0
500,31,49,955,1782,0.108222,483,521,0,0,0,0,0,0,0,0
501,31,44,956,1782,0.108228,481,519,0,0,0,0,0,0,0,0
502,31,43,956,1782,0.10809,483,516,0,0,0,0,0,0,0,0
503,31,46,956,1782,0.108089,484,518,0,0,0,0,0,0,0,0
504,31,42,957,1782,0.10806,483,516,0,0,0,0,0,0,0,0
505,31,40,957,1782,0.108113,481,516,0,0,0,0,0,0,0,0
506,31,37,957,1782,0.108184,478,516,0,0,0,0,0,0,0,0
507,31,43,955,1782,0.107992,483,515,0,0,0,0,0,0,0,0
508,31,50,954,1782,0.108106,484,520,0,0,0,0,0,0,0,0
509,31,50,954,1782,0.108166,483,521,0,0,0,0,0,0,0,0
510,31,46,955,1782,0.108131,482,519,0,0,0,0,0,0,0,0
511,31,54,953,1782,0.108195,482,525,0,0,0,0,0,0,0,0
512,31,50,954,1782,0.108174,482,522,0,0,0,0,0,0,0,0
513,30,47,955,1783,0.108224,480,522,0,0,0,0,0,0,0,0
514,30,43,956,1783,0.108182,479,520,0,0,0,0,0,0,0,0
515,30,48,955,1783,0.108177,481,522,0,0,0,0,0,0,0,0
516,30,56,953,1783,0.108352,482,527,0,0,0,0,0,0,0,0
517,30,50,954,1783,0.108355,480,524,0,0,0,0,0,0,0,0
518,30,45,954,1783,0.108327,479,520,0,0,0,0,0,0,0,0
519,30,40,955,1783,0.108139,480,515,0,0,0,0,0,0,0,0
520,30,37,956,1783,0.108019,481,512,0,0,0,0,0,0,0,0
521,30,34,957,1783,0.108046,480,511,0,0,0,0,0,0,0,0
522,30,33,957,1783,0.108105,479,511,0,0,0,0,0,0,0,0
523,30,29,958,1783,0.108069,478,509,0,0,0,0,0,0,0,0
524,30,41,956,1783,0.107976,484,513,0,0,0,0,0,0,0,0
525,30,40,956,1783,0.107827,487,509,0,0,0,0,0,0,0,0
526,30,48,954,1783,0.107998,488,514,0,0,0,0,0,0,0,0
527,30,51,953,1783,0.10801,487,517,0,0,0,0,0,0,0,0
528,30,49,953,1783,0.107823,488,514,0,0,0,0,0,0,0,0
529,30,61,950,1783,0.107901,490,521,0,0,0,0,0,0,0,0
530,30,66,948,1783,0.107903,491,523,0,0,0,0,0,0,0,0
531,29,67,949,1784,0.107948,489,527,0,0,0,0,0,0,0,0
532,29,65,951,1784,0.108045,487,529,0,0,0,0,0,0,0,0
533,29,64,951,1784,0.108087,486,529,0,0,0,0,0,0,0,0
534,29,57,952,1784,0.108048,485,524,0,0,0,0,0,0,0,0
535,29,54,953,1784,0.107945,485,522,0,0,0,0,0,0,0,0
536,29,55,952,1784,0.107936,485,522,0,0,0,0,0,0,0,0
537,29,51,952,1784,0.107957,484,519,0,0,0,0,0,0,0,0
538,29,49,952,1784,0.107776,487,514,0,0,0,0,0,0,0,0
539,29,46,953,1784,0.107811,485,514,0,0,0,0,0,0,0,0
540,29,45,953,1784,0.107735,485,513,0,0,0,0,0,0,0,0
541,29,44,953,1784,0.107875,483,514,0,0,0,0,0,0,0,0
542,29,43,953,1784,0.107898,481,515,0,0,0,0,0,0,0,0
543,29,38,954,1784,0.10793,478,514,0,0,0,0,0,0,0,0
544,29,36,955,1784,0.107998,477,514,0,0,0,0,0,0,0,0
545,29,40,955,1784,0.107864,480,515,0,0,0,0,0,0,0,0
546,29,40,955,1784,0.107881,480,515,0,0,0,0,0,0,0,0
547,29,41,955,1784,0.107792,483,513,0,0,0,0,0,0,0,0
548,29,40,955,1784,0.107753,484,511,0,0,0,0,0,0,0,0
549,29,42,954,1784,0.107889,482,514,0,0,0,0,0,0,0,0
550,29,44,954,1784,0.107802,486,512,0,0,0,0,0,0,0,0
551,29,40,955,1784,0.107804,485,510,0,0,0,0,0,0,0,0
552,29,35,956,1784,0.107846,483,508,0,0,0,0,0,0,0,0
553,29,38,956,1784,0.107786,486,508,0,0,0,0,0,0,0,0
554,29,36,956,1784,0.107719,486,506,0,0,0,0,0,0,0,0
555,29,37,956,1784,0.107738,487,506,0,0,0,0,0,0,0,0
556,29,33,957,1784,0.107751,485,505,0,0,0,0,0,0,0,0
557,29,31,958,1784,0.107817,484,505,0,0,0,0,0,0,0,0
558,29,29,959,1784,0.107735,485,503,0,0,0,0,0,0,0,0
559,29,33,959,1784,0.107684,489,503,0,0,0,0,0,0,0,0
560,29,30,960,1784,0.107713,488,502,0,0,0,0,0,0,0,0
561,29,31,960,1784,0.107877,485,506,0,0,0,0,0,0,0,0
562,29,36,959,1784,0.107654,490,505,0,0,0,0,0,0,0,0
563,29,36,959,1784,0.107609,492,503,0,0,0,0,0,0,0,0
564,29,38,958,1784,0.107778,490,506,0,0,0,0,0,0,0,0
565,29,40,958,1784,0.107534,494,504,0,0,0,0,0,0,0,0
566,29,47,957,1784,0.107659,496,508,0,0,0,0,0,0,0,0
567,29,52,956,1784,0.107492,500,508,0,0,0,0,0,0,0,0
568,29,56,955,1784,0.10745,501,510,0,0,0,0,0,0,0,0
569,29,56,955,1784,0.107438,501,510,0,0,0,0,0,0,0,0
570,28,53,956,1785,0.107665,496,513,0,0,0,0,0,0,0,0
571,28,49,957,1785,0.107786,493,513,0,0,0,0,0,0,0,0
572,28,46,957,1785,0.107613,493,510,0,0,0,0,0,0,0,0
573,28,47,956,1785,0.107467,494,509,0,0,0,0,0,0,0,0
574,27,48,956,1786,0.107527,494,510,0,0,0,0,0,0,0,0
575,27,41,957,1786,0.107547,490,508,0,0,0,0,0,0,0,0
576,27,40,958,1786,0.107525,490,508,0,0,0,0,0,0,0,0
577,27,41,958,1786,0.10756,490,509,0,0,0,0,0,0,0,0
578,27,45,957,1786,0.107833,487,515,0,0,0,0,0,0,0,0
579,27,40,958,1786,0.107898,484,514,0,0,0,0,0,0,0,0
580,27,37,959,1786,0.107957,482,514,0,0,0,0,0,0,0,0
581,27,36,960,1786,0.107915,483,513,0,0,0,0,0,0,0,0
582,27,34,960,1786,0.107788,484,510,0,0,0,0,0,0,0,0
583,27,31,961,1786,0.107763,483,509,0,0,0,0,0,0,0,0
584,27,32,961,1786,0.107553,484,509,0,0,0,0,0,0,0,0
585,27,42,959,1786,0.107512,488,513,0,0,0,0,0,0,0,0
586,27,42,959,1786,0.107469,488,513,0,0,0,0,0,0,0,0
587,27,34,960,1786,0.107562,483,511,0,0,0,0,0,0,0,0
588,27,34,960,1786,0.107599,484,510,0,0,0,0,0,0,0,0
589,27,37,960,1786,0.107762,483,514,0,0,0,0,0,0,0,0
590,27,41,959,1786,0.10795,483,517,0,0,0,0,0,0,0,0
591,27,56,956,1786,0.107706,492,520,0,0,0,0,0,0,0,0
592,26,50,957,1787,0.107664,488,519,0,0,0,0,0,0,0,0
593,26,50,957,1787,0.107699,489,518,0,0,0,0,0,0,0,0
594,26,46,957,1787,0.107796,487,516,0,0,0,0,0,0,0,0
595,26,46,956,1787,0.108134,481,521,0,0,0,0,0,0,0,0
596,26,46,955,1787,0.108131,481,520,0,0,0,0,0,0,0,0
597,26,48,955,1787,0.10799,484,519,0,0,0,0,0,0,0,0
598,26,44,956,1787,0.107943,483,517,0,0,0,0,0,0,0,0
599,26,51,955,1787,0.107857,489,517,0,0,0,0,0,0,0,0
600,26,45,956,1787,0.107861,485,516,0,0,0,0,0,0,0,0
601,26,44,956,1787,0.108046,480,520,0,0,0,0,0,0,0,0
602,26,45,956,1787,0.108136,479,522,0,0,0,0,0,0,0,0
603,26,42,957,1787,0.108059,480,519,0,0,0,0,0,0,0,0
604,26,40,958,1787,0.108081,479,519,0,0,0,0,0,0,0,0
605,26,38,959,1787,0.108088,478,519,0,0,0,0,0,0,0,0
606,26,45,958,1787,0.108332,477,526,0,0,0,0,0,0,0,0
607,26,53,956,1787,0.10822,481,528,0,0,0,0,0,0,0,0
608,26,50,956,1787,0.108078,482,524,0,0,0,0,0,0,0,0
609,26,47,957,1787,0.108087,482,522,0,0,0,0,0,0,0,0
610,26,42,958,1787,0.108067,480,520,0,0,0,0,0,0,0,0
611,26,42,958,1787,0.107899,483,517,0,0,0,0,0,0,0,0
612,26,44,958,1787,0.107961,483,519,0,0,0,0,0,0,0,0
613,26,41,959,1787,0.108084,480,520,0,0,0,0,0,0,0,0
614,26,37,960,1787,0.108072,478,519,0,0,0,0,0,0,0,0
615,25,52,957,1788,0.108388,476,533,0,0,0,0,0,0,0,0
616,25,50,958,1788,0.10841,475,533,0,0,0,0,0,0,0,0
617,25,43,959,1788,0.108326,474,528,0,0,0,0,0,0,0,0
618,25,41,960,1788,0.108407,473,528,0,0,0,0,0,0,0,0
619,24,46,960,1789,0.108389,476,530,0,0,0,0,0,0,0,0
620,24,41,961,1789,0.108364,475,527,0,0,0,0,0,0,0,0
621,24,40,961,1789,0.108239,477,524,0,0,0,0,0,0,0,0
622,24,38,962,1789,0.108244,476,524,0,0,0,0,0,0,0,0
623,24,43,961,1789,0.108427,473,531,0,0,0,0,0,0,0,0
624,24,40,962,1789,0.108416,472,530,0,0,0,0,0,0,0,0
625,24,36,963,1789,0.108306,472,527,0,0,0,0,0,0,0,0
626,24,40,962,1789,0.108532,471,531,0,0,0,0,0,0,0,0
627,24,47,960,1789,0.108497,476,531,0,0,0,0,0,0,0,0
628,24,46,961,1789,0.108498,476,531,0,0,0,0,0,0,0,0
629,24,41,962,1789,0.108414,475,528,0,0,0,0,0,0,0,0
630,24,38,962,1789,0.10847,472,528,0,0,0,0,0,0,0,0
631,24,35,963,1789,0.108468,471,527,0,0,0,0,0,0,0,0
632,24,39,962,1789,0.108617,470,531,0,0,0,0,0,0,0,0
633,24,46,961,1789,0.10877,470,537,0,0,0,0,0,0,0,0
634,24,43,962,1789,0.108726,470,535,0,0,0,0,0,0,0,0
635,24,35,963,1789,0.108538,471,527,0,0,0,0,0,0,0,0
636,24,29,964,1789,0.108477,469,524,0,0,0,0,0,0,0,0
637,24,33,963,1789,0.108748,466,530,0,0,0,0,0,0,0,0
638,24,38,962,1789,0.108683,469,531,0,0,0,0,0,0,0,0
639,24,36,963,1789,0.108656,469,530,0,0,0,0,0,0,0,0
640,24,34,964,1789,0.108693,468,530,0,0,0,0,0,0,0,0
641,24,30,965,1789,0.108611,468,527,0,0,0,0,0,0,0,0
642,24,30,965,1789,0.108398,470,525,0,0,0,0,0,0,0,0
643,24,33,965,1789,0.108527,469,529,0,0,0,0,0,0,0,0
644,24,30,966,1789,0.10846,469,527,0,0,0,0,0,0,0,0
645,24,32,965,1789,0.1085,469,528,0,0,0,0,0,0,0,0
646,24,32,965,1789,0.108589,468,529,0,0,0,0,0,0,0,0
647,24,27,966,1789,0.108448,468,525,0,0,0,0,0,0,0,0
648,24,25,966,1789,0.108478,467,524,0,0,0,0,0,0,0,0
649,24,22,966,1789,0.108373,467,521,0,0,0,0,0,0,0,0
650,24,21,966,1789,0.108326,467,520,0,0,0,0,0,0,0,0
651,24,28,964,1789,0.108413,467,525,0,0,0,0,0,0,0,0
652,24,24,965,1789,0.108332,467,522,0,0,0,0,0,0,0,0
653,24,27,964,1789,0.108012,474,517,0,0,0,0,0,0,0,0
654,24,22,965,1789,0.108093,471,516,0,0,0,0,0,0,0,0
655,24,33,962,1789,0.108192,472,523,0,0,0,0,0,0,0,0
656,24,38,961,1789,0.108209,474,525,0,0,0,0,0,0,0,0
657,24,36,961,1789,0.108326,472,525,0,0,0,0,0,0,0,0
658,24,31,962,1789,0.108194,472,521,0,0,0,0,0,0,0,0
659,24,36,961,1789,0.108168,474,523,0,0,0,0,0,0,0,0
660,24,33,962,1789,0.108063,475,520,0,0,0,0,0,0,0,0
661,24,35,962,1789,0.107837,479,518,0,0,0,0,0,0,0,0
662,24,35,962,1789,0.107891,478,519,0,0,0,0,0,0,0,0
663,24,49,959,1789,0.107942,483,525,0,0,0,0,0,0,0,0
664,24,51,958,1789,0.107952,485,524,0,0,0,0,0,0,0,0
665,24,49,958,1789,0.107871,485,522,0,0,0,0,0,0,0,0
666,24,47,959,1789,0.10794,483,523,0,0,0,0,0,0,0,0
667,24,46,959,1789,0.107925,484,521,0,0,0,0,0,0,0,0
668,24,46,959,1789,0.107878,486,519,0,0,0,0,0,0,0,0
669,24,44,960,1789,0.107944,484,520,0,0,0,0,0,0,0,0
670,24,45,959,1789,0.108133,481,523,0,0,0,0,0,0,0,0
671,24,40,960,1789,0.108152,477,523,0,0,0,0,0,0,0,0
672,24,38,960,1789,0.108258,474,524,0,0,0,0,0,0,0,0
673,24,37,960,1789,0.10835,472,525,0,0,0,0,0,0,0,0
674,24,38,960,1789,0.108395,472,526,0,0,0,0,0,0,0,0
675,24,36,961,1789,0.10833,472,525,0,0,0,0,0,0,0,0
676,24,39,960,1789,0.108393,472,527,0,0,0,0,0,0,0,0
677,24,41,960,1789,0.108108,475,526,0,0,0,0,0,0,0,0
678,24,46,959,1789,0.107836,481,524,0,0,0,0,0,0,0,0
679,24,45,958,1789,0.107927,479,524,0,0,0,0,0,0,0,0
680,24,39,959,1789,0.107952,476,522,0,0,0,0,0,0,0,0
681,24,39,959,1789,0.107982,476,522,0,0,0,0,0,0,0,0
682,24,39,959,1789,0.107858,479,519,0,0,0,0,0,0,0,0
683,24,43,958,1789,0.108071,477,524,0,0,0,0,0,0,0,0
684,24,45,958,1789,0.108151,476,527,0,0,0,0,0,0,0,0
685,24,47,958,1789,0.108016,480,525,0,0,0,0,0,0,0,0
686,24,44,958,1789,0.108153,477,525,0,0,0,0,0,0,0,0
687,24,39,959,1789,0.108183,475,523,0,0,0,0,0,0,0,0
688,24,40,959,1789,0.10821,474,525,0,0,0,0,0,0,0,0
689,24,41,959,1789,0.108236,474,526,0,0,0,0,0,0,0,0
690,24,42,959,1789,0.108358,473,528,0,0,0,0,0,0,0,0
691,24,38,959,1789,0.108345,470,527,0,0,0,0,0,0,0,0
692,24,42,958,1789,0.108176,472,528,0,0,0,0,0,0,0,0
693,24,45,957,1789,0.107795,479,523,0,0,0,0,0,0,0,0
694,24,37,958,1789,0.107713,478,517,0,0,0,0,0,0,0,0
695,24,42,957,1789,0.107669,482,517,0,0,0,0,0,0,0,0
696,24,52,955,1789,0.10783,483,524,0,0,0,0,0,0,0,0
697,24,61,954,1789,0.107904,486,529,0,0,0,0,0,0,0,0
698,24,53,956,1789,0.107905,483,526,0,0,0,0,0,0,0,0
699,24,52,956,1789,0.10798,481,527,0,0,0,0,0,0,0,0
700,24,55,955,1789,0.107926,484,526,0,0,0,0,0,0,0,0
701,24,49,957,1789,0.107868,482,524,0,0,0,0,0,0,0,0
702,24,48,957,1789,0.107847,481,524,0,0,0,0,0,0,0,0
703,24,58,955,1789,0.107921,483,530,0,0,0,0,0,0,0,0
704,24,61,954,1789,0.107966,483,532,0,0,0,0,0,0,0,0
705,24,58,956,1789,0.107902,483,531,0,0,0,0,0,0,0,0
706,24,48,957,1789,0.10788,480,525,0,0,0,0,0,0,0,0
707,24,42,958,1789,0.107958,477,523,0,0,0,0,0,0,0,0
708,24,46,957,1789,0.107765,481,522,0,0,0,0,0,0,0,0
709,24,45,957,1789,0.107763,481,521,0,0,0,0,0,0,0,0
710,24,48,956,1789,0.107855,481,523,0,0,0,0,0,0,0,0
711,24,47,955,1789,0.107878,480,522,0,0,0,0,0,0,0,0
712,24,42,957,1789,0.107906,479,520,0,0,0,0,0,0,0,0
713,24,45,956,1789,0.108,478,523,0,0,0,0,0,0,0,0
714,24,44,956,1789,0.107844,480,520,0,0,0,0,0,0,0,0
715,24,46,956,1789,0.107934,480,522,0,0,0,0,0,0,0,0
716,24,45,957,1789,0.107933,480,522,0,0,0,0,0,0,0,0
717,24,42,957,1789,0.107775,481,518,0,0,0,0,0,0,0,0
718,24,40,958,1789,0.107876,479,519,0,0,0,0,0,0,0,0
719,24,45,957,1789,0.108106,477,525,0,0,0,0,0,0,0,0
720,24,56,955,1789,0.108157,481,530,0,0,0,0,0,0,0,0
721,24,51,957,1789,0.108111,481,527,0,0,0,0,0,0,0,0
722,24,51,956,1789,0.107957,483,524,0,0,0,0,0,0,0,0
723,24,45,957,1789,0.107947,480,522,0,0,0,0,0,0,0,0
724,24,40,958,1789,0.107983,477,521,0,0,0,0,0,0,0,0
725,24,37,959,1789,0.107906,477,519,0,0,0,0,0,0,0,0
726,24,44,957,1789,0.107874,481,520,0,0,0,0,0,0,0,0
727,24,43,957,1789,0.107845,482,518,0,0,0,0,0,0,0,0
728,24,37,958,1789,0.107835,479,516,0,0,0,0,0,0,0,0
729,24,35,959,1789,0.107823,479,515,0,0,0,0,0,0,0,0
730,24,34,960,1789,0.107789,480,514,0,0,0,0,0,0,0,0
731,24,38,960,1789,0.107653,484,514,0,0,0,0,0,0,0,0
732,24,34,961,1789,0.107518,485,510,0,0,0,0,0,0,0,0
733,24,34,961,1789,0.107493,486,509,0,0,0,0,0,0,0,0
734,24,29,962,1789,0.107447,485,506,0,0,0,0,0,0,0,0
735,24,32,962,1789,0.107618,484,510,0,0,0,0,0,0,0,0
736,24,32,962,1789,0.107678,483,511,0,0,0,0,0,0,0,0
737,24,29,963,1789,0.107591,483,509,0,0,0,0,0,0,0,0
738,24,26,964,1789,0.107568,481,509,0,0,0,0,0,0,0,0
739,24,37,962,1789,0.10774,486,513,0,0,0,0,0,0,0,0
740,24,43,961,1789,0.10754,492,512,0,0,0,0,0,0,0,0
741,24,36,962,1789,0.107495,489,509,0,0,0,0,0,0,0,0
742,24,31,963,1789,0.107449,487,507,0,0,0,0,0,0,0,0
743,24,33,963,1789,0.107313,490,506,0,0,0,0,0,0,0,0
744,24,32,964,1789,0.107282,490,506,0,0,0,0,0,0,0,0
745,24,36,963,1789,0.107237,492,507,0,0,0,0,0,0,0,0
746,24,36,963,1789,0.107443,488,511,0,0,0,0,0,0,0,0
747,24,36,964,1789,0.107469,488,512,0,0,0,0,0,0,0,0
748,24,45,962,1789,0.107525,489,518,0,0,0,0,0,0,0,0
749,24,45,962,1789,0.107446,490,517,0,0,0,0,0,0,0,0
750,24,52,961,1789,0.107634,490,523,0,0,0,0,0,0,0,0
751,24,50,961,1789,0.107494,491,520,0,0,0,0,0,0,0,0
752,24,48,961,1789,0.107323,493,516,0,0,0,0,0,0,0,0
753,24,42,962,1789,0.107447,488,516,0,0,0,0,0,0,0,0
754,24,50,960,1789,0.10759,486,524,0,0,0,0,0,0,0,0
755,23,48,961,1790,0.107729,483,526,0,0,0,0,0,0,0,0
756,23,49,961,1790,0.107758,483,527,0,0,0,0,0,0,0,0
757,23,48,960,1790,0.107716,483,525,0,0,0,0,0,0,0,0
758,23,49,960,1790,0.107623,485,524,0,0,0,0,0,0,0,0
759,23,48,960,1790,0.10758,484,524,0,0,0,0,0,0,0,0
760,23,49,960,1790,0.107593,485,524,0,0,0,0,0,0,0,0
761,23,55,959,1790,0.107789,484,530,0,0,0,0,0,0,0,0
762,23,49,960,1790,0.107736,482,527,0,0,0,0,0,0,0,0
763,23,44,961,1790,0.107691,481,524,0,0,0,0,0,0,0,0
764,23,42,962,1790,0.10767,481,523,0,0,0,0,0,0,0,0
765,23,45,962,1790,0.107589,484,523,0,0,0,0,0,0,0,0
766,23,39,963,1790,0.107608,481,521,0,0,0,0,0,0,0,0
767,23,39,963,1790,0.107761,478,524,0,0,0,0,0,0,0,0
768,23,38,963,1790,0.10778,479,522,0,0,0,0,0,0,0,0
769,23,39,963,1790,0.107811,480,522,0,0,0,0,0,0,0,0
770,23,50,960,1790,0.107506,488,522,0,0,0,0,0,0,0,0
771,23,54,958,1790,0.107584,489,523,0,0,0,0,0,0,0,0
772,23,53,958,1790,0.107326,490,521,0,0,0,0,0,0,0,0
773,23,56,957,1790,0.107385,491,522,0,0,0,0,0,0,0,0
774,23,54,957,1790,0.107374,491,520,0,0,0,0,0,0,0,0
775,23,50,958,1790,0.107511,487,521,0,0,0,0,0,0,0,0
776,23,52,958,1790,0.107646,486,524,0,0,0,0,0,0,0,0
777,23,50,958,1790,0.107423,487,521,0,0,0,0,0,0,0,0
778,23,48,959,1790,0.107458,486,521,0,0,0,0,0,0,0,0
779,23,45,960,1790,0.107453,486,519,0,0,0,0,0,0,0,0
780,23,45,960,1790,0.107588,486,519,0,0,0,0,0,0,0,0
781,23,44,960,1790,0.107313,488,516,0,0,0,0,0,0,0,0
782,23,48,959,1790,0.107381,491,516,0,0,0,0,0,0,0,0
783,23,44,960,1790,0.1073,489,515,0,0,0,0,0,0,0,0
784,23,39,961,1790,0.107299,486,514,0,0,0,0,0,0,0,0
785,23,36,962,1790,0.107377,484,514,0,0,0,0,0,0,0,0
786,23,36,962,1790,0.107516,482,516,0,0,0,0,0,0,0,0
787,23,39,962,1790,0.107393,486,515,0,0,0,0,0,0,0,0
788,23,39,962,1790,0.107343,486,515,0,0,0,0,0,0,0,0
789,23,37,963,1790,0.107381,485,515,0,0,0,0,0,0,0,0
790,23,37,963,1790,0.10749,485,515,0,0,0,0,0,0,0,0
791,23,38,963,1790,0.107733,482,519,0,0,0,0,0,0,0,0
792,23,34,963,1790,0.107738,479,518,0,0,0,0,0,0,0,0
793,23,40,962,1790,0.107832,479,523,0,0,0,0,0,0,0,0
794,23,39,962,1790,0.107779,479,522,0,0,0,0,0,0,0,0
795,23,34,963,1790,0.107815,476,521,0,0,0,0,0,0,0,0
796,23,38,962,1790,0.108014,474,526,0,0,0,0,0,0,0,0
797,23,41,961,1790,0.107905,478,524,0,0,0,0,0,0,0,0
798,23,41,961,1790,0.107791,480,522,0,0,0,0,0,0,0,0
799,23,38,962,1790,0.107808,479,521,0,0,0,0,0,0,0,0
800,23,35,963,1790,0.107671,480,518,0,0,0,0,0,0,0,0
801,23,35,963,1790,0.107752,480,518,0,0,0,0,0,0,0,0
802,22,29,965,1791,0.107834,476,518,0,0,0,0,0,0,0,0
803,22,27,966,1791,0.10776,476,517,0,0,0,0,0,0,0,0
804,22,26,967,1791,0.107764,476,517,0,0,0,0,0,0,0,0
805,22,23,968,1791,0.107755,474,517,0,0,0,0,0,0,0,0
806,22,21,968,1791,0.107743,473,516,0,0,0,0,0,0,0,0
807,22,21,968,1791,0.107743,473,516,0,0,0,0,0,0,0,0
808,22,24,967,1791,0.107601,475,516,0,0,0,0,0,0,0,0
809,22,33,965,1791,0.107652,476,522,0,0,0,0,0,0,0,0
810,22,34,965,1791,0.107642,475,524,0,0,0,0,0,0,0,0
811,22,32,966,1791,0.107727,474,524,0,0,0,0,0,0,0,0
812,22,38,964,1791,0.107759,476,526,0,0,0,0,0,0,0,0
813,22,32,965,1791,0.107701,475,522,0,0,0,0,0,0,0,0
814,22,29,966,1791,0.107597,476,519,0,0,0,0,0,0,0,0
815,22,32,966,1791,0.107624,478,520,0,0,0,0,0,0,0,0
816,22,42,964,1791,0.107775,478,528,0,0,0,0,0,0,0,0
817,22,40,965,1791,0.107722,478,527,0,0,0,0,0,0,0,0
818,22,37,965,1791,0.107594,478,524,0,0,0,0,0,0,0,0
819,22,38,965,1791,0.107681,477,526,0,0,0,0,0,0,0,0
820,22,39,965,1791,0.107557,479,525,0,0,0,0,0,0,0,0
821,22,32,966,1791,0.107699,475,523,0,0,0,0,0,0,0,0
822,22,35,965,1791,0.10781,477,523,0,0,0,0,0,0,0,0
823,22,33,965,1791,0.107608,476,522,0,0,0,0,0,0,0,0
824,22,30,966,1791,0.107753,474,522,0,0,0,0,0,0,0,0
825,22,32,966,1791,0.107873,472,526,0,0,0,0,0,0,0,0
826,22,34,966,1791,0.107993,472,528,0,0,0,0,0,0,0,0
827,22,34,966,1791,0.108205,470,530,0,0,0,0,0,0,0,0
828,22,32,966,1791,0.108173,469,529,0,0,0,0,0,0,0,0
829,22,33,966,1791,0.107962,472,527,0,0,0,0,0,0,0,0
830,22,35,966,1791,0.108097,471,530,0,0,0,0,0,0,0,0
831,22,36,966,1791,0.107818,474,528,0,0,0,0,0,0,0,0
832,22,49,963,1791,0.107598,483,529,0,0,0,0,0,0,0,0
833,22,44,964,1791,0.107424,484,524,0,0,0,0,0,0,0,0
834,22,40,964,1791,0.107465,483,521,0,0,0,0,0,0,0,0
835,22,45,963,1791,0.10768,482,526,0,0,0,0,0,0,0,0
836,22,48,962,1791,0.107725,482,528,0,0,0,0,0,0,0,0
837,22,42,963,1791,0.107719,480,525,0,0,0,0,0,0,0,0
838,22,46,962,1791,0.107601,483,525,0,0,0,0,0,0,0,0
839,22,37,963,1791,0.10771,477,523,0,0,0,0,0,0,0,0
840,22,42,961,1791,0.107249,482,521,0,0,0,0,0,0,0,0
841,22,42,961,1791,0.107125,482,521,0,0,0,0,0,0,0,0
842,22,41,962,1791,0.107166,481,522,0,0,0,0,0,0,0,0
843,22,44,961,1791,0.107548,478,527,0,0,0,0,0,0,0,0
844,22,40,961,1791,0.107344,480,521,0,0,0,0,0,0,0,0
845,22,46,960,1791,0.107373,482,524,0,0,0,0,0,0,0,0
846,22,43,960,1791,0.107636,477,526,0,0,0,0,0,0,0,0
847,22,45,960,1791,0.107605,479,526,0,0,0,0,0,0,0,0
848,22,51,959,1791,0.107864,478,532,0,0,0,0,0,0,0,0
849,22,45,960,1791,0.107946,475,530,0,0,0,0,0,0,0,0
850,22,42,960,1791,0.107768,476,526,0,0,0,0,0,0,0,0
851,21,47,959,1792,0.107817,477,529,0,0,0,0,0,0,0,0
852,21,44,960,1792,0.107846,476,528,0,0,0,0,0,0,0,0
853,21,40,961,1792,0.107935,474,527,0,0,0,0,0,0,0,0
854,21,42,960,1792,0.107939,477,525,0,0,0,0,0,0,0,0
855,21,40,961,1792,0.107976,476,525,0,0,0,0,0,0,0,0
856,21,47,960,1792,0.10822,475,532,0,0,0,0,0,0,0,0
857,21,49,960,1792,0.108336,474,535,0,0,0,0,0,0,0,0
858,21,48,960,1792,0.108086,476,532,0,0,0,0,0,0,0,0
859,21,48,960,1792,0.108056,477,531,0,0,0,0,0,0,0,0
860,21,43,961,1792,0.108143,474,530,0,0,0,0,0,0,0,0
861,21,50,960,1792,0.108388,473,537,0,0,0,0,0,0,0,0
862,21,51,960,1792,0.108102,477,534,0,0,0,0,0,0,0,0
863,21,50,960,1792,0.108061,478,532,0,0,0,0,0,0,0,0
864,21,44,961,1792,0.107977,477,528,0,0,0,0,0,0,0,0
865,21,47,960,1792,0.108039,477,530,0,0,0,0,0,0,0,0
866,21,45,961,1792,0.108043,476,530,0,0,0,0,0,0,0,0
867,21,48,960,1792,0.107837,480,528,0,0,0,0,0,0,0,0
868,21,44,961,1792,0.107816,479,526,0,0,0,0,0,0,0,0
869,21,43,961,1792,0.107718,480,524,0,0,0,0,0,0,0,0
870,21,47,961,1792,0.107865,480,528,0,0,0,0,0,0,0,0
871,21,55,959,1792,0.108016,480,534,0,0,0,0,0,0,0,0
872,21,57,959,1792,0.108058,479,537,0,0,0,0,0,0,0,0
873,21,63,957,1792,0.108105,481,539,0,0,0,0,0,0,0,0
874,21,63,959,1792,0.108094,482,540,0,0,0,0,0,0,0,0
875,21,65,958,1792,0.108213,479,544,0,0,0,0,0,0,0,0
876,21,57,959,1792,0.108171,476,540,0,0,0,0,0,0,0,0
877,21,50,959,1792,0.108332,470,539,0,0,0,0,0,0,0,0
878,21,44,960,1792,0.108287,469,535,0,0,0,0,0,0,0,0
879,21,43,961,1792,0.108278,469,535,0,0,0,0,0,0,0,0
880,21,38,962,1792,0.108251,468,532,0,0,0,0,0,0,0,0
881,21,36,963,1792,0.108336,466,533,0,0,0,0,0,0,0,0
882,21,31,964,1792,0.108285,465,530,0,0,0,0,0,0,0,0
883,21,29,965,1792,0.108253,466,528,0,0,0,0,0,0,0,0
884,21,23,966,1792,0.108205,465,524,0,0,0,0,0,0,0,0
885,21,22,967,1792,0.108208,465,524,0,0,0,0,0,0,0,0
886,21,23,967,1792,0.108193,466,524,0,0,0,0,0,0,0,0
887,21,21,968,1792,0.108285,464,525,0,0,0,0,0,0,0,0
888,21,28,967,1792,0.108544,463,532,0,0,0,0,0,0,0,0
889,21,26,968,1792,0.108513,464,530,0,0,0,0,0,0,0,0
890,21,34,967,1792,0.10865,465,536,0,0,0,0,0,0,0,0
891,21,38,966,1792,0.108699,464,540,0,0,0,0,0,0,0,0
892,21,36,966,1792,0.108586,465,537,0,0,0,0,0,0,0,0
893,21,38,965,1792,0.10826,472,531,0,0,0,0,0,0,0,0
894,21,44,964,1792,0.1081,475,533,0,0,0,0,0,0,0,0
895,21,41,965,1792,0.108156,473,533,0,0,0,0,0,0,0,0
896,21,44,964,1792,0.108195,474,534,0,0,0,0,0,0,0,0
897,21,48,963,1792,0.108385,473,538,0,0,0,0,0,0,0,0
898,21,48,963,1792,0.108094,476,535,0,0,0,0,0,0,0,0
899,21,55,961,1792,0.107959,480,536,0,0,0,0,0,0,0,0
900,21,47,962,1792,0.107778,480,529,0,0,0,0,0,0,0,0
901,21,42,963,1792,0.107848,478,527,0,0,0,0,0,0,0,0
902,21,38,964,1792,0.107955,475,527,0,0,0,0,0,0,0,0
903,21,33,965,1792,0.108074,472,526,0,0,0,0,0,0,0,0
904,21,34,965,1792,0.108002,475,524,0,0,0,0,0,0,0,0
905,21,34,965,1792,0.108075,473,526,0,0,0,0,0,0,0,0
906,21,33,966,1792,0.108102,473,526,0,0,0,0,0,0,0,0
907,21,31,967,1792,0.108015,474,524,0,0,0,0,0,0,0,0
908,21,36,966,1792,0.108035,475,527,0,0,0,0,0,0,0,0
909,21,33,967,1792,0.108003,475,525,0,0,0,0,0,0,0,0
910,21,36,967,1792,0.10793,478,525,0,0,0,0,0,0,0,0
911,20,38,967,1793,0.10789,480,525,0,0,0,0,0,0,0,0
912,20,42,966,1793,0.107871,482,526,0,0,0,0,0,0,0,0
913,20,40,967,1793,0.107885,481,526,0,0,0,0,0,0,0,0
914,20,46,966,1793,0.107824,484,528,0,0,0,0,0,0,0,0
915,20,47,966,1793,0.107741,486,527,0,0,0,0,0,0,0,0
916,20,50,965,1793,0.107622,490,525,0,0,0,0,0,0,0,0
917,20,50,965,1793,0.107543,491,524,0,0,0,0,0,0,0,0
918,20,51,964,1793,0.107665,490,525,0,0,0,0,0,0,0,0
919,20,48,964,1793,0.107754,488,524,0,0,0,0,0,0,0,0
920,19,54,962,1794,0.107565,493,523,0,0,0,0,0,0,0,0
921,18,61,961,1795,0.107708,494,528,0,0,0,0,0,0,0,0
922,18,64,961,1795,0.107789,495,530,0,0,0,0,0,0,0,0
923,18,56,963,1795,0.107767,492,527,0,0,0,0,0,0,0,0
924,18,53,964,1795,0.107903,489,528,0,0,0,0,0,0,0,0
925,18,53,964,1795,0.107844,489,528,0,0,0,0,0,0,0,0
926,18,50,965,1795,0.107929,487,528,0,0,0,0,0,0,0,0
927,18,53,965,1795,0.108026,487,531,0,0,0,0,0,0,0,0
928,18,48,966,1795,0.108023,485,529,0,0,0,0,0,0,0,0
929,18,50,966,1795,0.107884,489,527,0,0,0,0,0,0,0,0
930,18,54,965,1795,0.107937,490,529,0,0,0,0,0,0,0,0
931,18,54,965,1795,0.107896,491,528,0,0,0,0,0,0,0,0
932,18,51,965,1795,0.107776,492,524,0,0,0,0,0,0,0,0
933,18,51,965,1795,0.107899,490,526,0,0,0,0,0,0,0,0
934,18,47,966,1795,0.108077,486,527,0,0,0,0,0,0,0,0
935,18,50,965,1795,0.108149,485,530,0,0,0,0,0,0,0,0
936,18,55,964,1795,0.108257,485,534,0,0,0,0,0,0,0,0
937,18,66,962,1795,0.108205,489,539,0,0,0,0,0,0,0,0
938,18,59,963,1795,0.108055,488,534,0,0,0,0,0,0,0,0
939,18,66,961,1795,0.108061,490,537,0,0,0,0,0,0,0,0
940,18,62,963,1795,0.107973,490,535,0,0,0,0,0,0,0,0
941,18,60,963,1795,0.107833,492,531,0,0,0,0,0,0,0,0
942,18,61,963,1795,0.107805,494,530,0,0,0,0,0,0,0,0
943,18,55,964,1795,0.107775,492,527,0,0,0,0,0,0,0,0
944,18,53,965,1795,0.107883,490,528,0,0,0,0,0,0,0,0
945,18,49,966,1795,0.107944,487,528,0,0,0,0,0,0,0,0
946,18,60,963,1795,0.108305,485,538,0,0,0,0,0,0,0,0
947,18,59,963,1795,0.108345,483,539,0,0,0,0,0,0,0,0
948,18,57,963,1795,0.108497,480,540,0,0,0,0,0,0,0,0
949,18,59,963,1795,0.108454,482,540,0,0,0,0,0,0,0,0
950,18,67,961,1795,0.108338,488,540,0,0,0,0,0,0,0,0
951,18,62,963,1795,0.108426,485,540,0,0,0,0,0,0,0,0
952,17,72,961,1796,0.108386,488,545,0,0,0,0,0,0,0,0
953,17,67,963,1796,0.108389,486,544,0,0,0,0,0,0,0,0
954,17,75,961,1796,0.108466,488,548,0,0,0,0,0,0,0,0
955,17,81,961,1796,0.108269,495,547,0,0,0,0,0,0,0,0
956,17,75,963,1796,0.108191,494,544,0,0,0,0,0,0,0,0
957,17,69,964,1796,0.108235,490,543,0,0,0,0,0,0,0,0
958,17,60,964,1796,0.108124,486,538,0,0,0,0,0,0,0,0
959,17,55,964,1796,0.107981,485,534,0,0,0,0,0,0,0,0
960,17,49,965,1796,0.107861,485,529,0,0,0,0,0,0,0,0
961,17,46,966,1796,0.107849,484,528,0,0,0,0,0,0,0,0
962,17,45,966,1796,0.107738,485,526,0,0,0,0,0,0,0,0
963,17,40,967,1796,0.107577,485,522,0,0,0,0,0,0,0,0
964,17,45,966,1796,0.107357,489,522,0,0,0,0,0,0,0,0
965,17,47,966,1796,0.107385,490,523,0,0,0,0,0,0,0,0
966,17,44,967,1796,0.107467,488,523,0,0,0,0,0,0,0,0
967,17,45,967,1796,0.107502,487,525,0,0,0,0,0,0,0,0
968,17,42,968,1796,0.107531,485,525,0,0,0,0,0,0,0,0
969,17,50,966,1796,0.107427,488,528,0,0,0,0,0,0,0,0
970,17,49,966,1796,0.107497,486,529,0,0,0,0,0,0,0,0
971,17,54,964,1796,0.107841,483,535,0,0,0,0,0,0,0,0
972,17,55,963,1796,0.10791,484,534,0,0,0,0,0,0,0,0
973,17,50,964,1796,0.107907,482,532,0,0,0,0,0,0,0,0
974,17,47,965,1796,0.10786,482,530,0,0,0,0,0,0,0,0
975,16,51,965,1797,0.107738,484,532,0,0,0,0,0,0,0,0
976,15,56,965,1798,0.107733,486,535,0,0,0,0,0,0,0,0
977,15,53,965,1798,0.107775,484,534,0,0,0,0,0,0,0,0
978,15,57,964,1798,0.107627,489,532,0,0,0,0,0,0,0,0
979,15,63,964,1798,0.107873,489,538,0,0,0,0,0,0,0,0
980,15,59,965,1798,0.107999,486,538,0,0,0,0,0,0,0,0
981,15,53,966,1798,0.107952,485,534,0,0,0,0,0,0,0,0
982,15,57,965,1798,0.108129,484,538,0,0,0,0,0,0,0,0
983,15,65,964,1798,0.107984,491,538,0,0,0,0,0,0,0,0
984,15,66,964,1798,0.107791,494,536,0,0,0,0,0,0,0,0
985,15,57,966,1798,0.107691,491,532,0,0,0,0,0,0,0,0
986,15,50,967,1798,0.10745,492,525,0,0,0,0,0,0,0,0
987,15,50,967,1798,0.107458,492,525,0,0,0,0,0,0,0,0
988,15,50,967,1798,0.107482,491,526,0,0,0,0,0,0,0,0
989,15,47,968,1798,0.107499,490,525,0,0,0,0,0,0,0,0
990,15,54,967,1798,0.107319,495,526,0,0,0,0,0,0,0,0
991,15,55,966,1798,0.107336,495,526,0,0,0,0,0,0,0,0
992,15,51,967,1798,0.107323,494,524,0,0,0,0,0,0,0,0
993,15,43,968,1798,0.107373,490,521,0,0,0,0,0,0,0,0
994,15,39,969,1798,0.107503,486,522,0,0,0,0,0,0,0,0
995,15,34,970,1798,0.107583,483,521,0,0,0,0,0,0,0,0
996,15,38,969,1798,0.107803,480,527,0,0,0,0,0,0,0,0
997,15,41,968,1798,0.107598,485,524,0,0,0,0,0,0,0,0
998,15,41,968,1798,0.10779,483,526,0,0,0,0,0,0,0,0
999,15,44,967,1798,0.107772,484,527,0,0,0,0,0,0,0,0
