update,bacteria_pop,phage_pop,lysogen_pop,arbitrium,mean_lysogeny_rate,Hist_0.0,Hist_0.1,Hist_0.2,Hist_0.3,Hist_0.4,Hist_0.5,Hist_0.6,Hist_0.7,Hist_0.8,Hist_0.9
0,1000,100,0,2,0.486226,5,4,12,16,24,22,10,5,1,1
1,993,98,4,9,0.474614,7,4,12,14,27,24,8,4,1,1
2,986,103,6,16,0.486565,6,4,8,17,30,28,11,3,1,1
3,982,107,7,20,0.479384,6,4,7,23,33,25,11,3,1,1
4,978,98,12,25,0.479128,6,4,6,22,33,24,10,3,1,1
5,971,91,17,32,0.465503,8,4,5,21,35,21,10,3,0,1
6,970,90,18,34,0.463843,8,4,5,21,36,20,10,3,0,1
7,966,94,20,39,0.467684,7,4,5,22,42,20,10,3,0,1
8,963,93,22,43,0.459644,7,7,4,21,44,18,10,3,0,1
9,959,97,24,48,0.451118,7,7,4,30,42,18,9,3,0,1
10,957,98,25,51,0.451684,6,5,7,32,42,18,9,3,0,1
11,954,98,27,55,0.459653,4,5,6,34,45,18,9,3,0,1
12,950,90,31,60,0.461098,4,4,6,34,44,16,9,3,0,1
13,949,89,32,62,0.46375,4,4,5,33,47,15,9,3,0,1
14,948,82,34,64,0.465108,4,3,5,31,46,14,9,3,0,1
15,945,84,36,68,0.447509,7,6,4,31,46,13,9,3,0,1
16,944,80,37,70,0.449699,6,6,4,29,44,16,9,3,0,0
17,942,85,37,73,0.446312,9,6,4,26,46,19,9,3,0,0
18,941,82,38,75,0.453884,8,5,4,25,47,19,9,3,0,0
19,936,87,40,81,0.449001,8,8,4,24,53,18,9,3,0,0
20,934,94,41,85,0.447002,8,8,4,29,56,18,9,3,0,0
21,931,91,43,90,0.444929,7,10,4,28,57,17,8,3,0,0
22,927,90,46,96,0.434878,10,9,3,34,53,16,8,3,0,0
23,924,92,47,101,0.431761,9,9,3,43,49,15,8,3,0,0
24,923,92,48,104,0.422068,12,9,3,44,46,15,8,3,0,0
25,922,91,49,107,0.421121,12,8,3,46,46,15,7,3,0,0
26,921,90,51,110,0.417667,12,8,3,49,45,14,7,3,0,0
27,918,99,51,115,0.40994,17,7,2,53,47,14,7,3,0,0
28,916,96,53,119,0.412504,16,7,2,53,47,14,7,3,0,0
29,914,99,54,123,0.413972,13,10,2,58,47,14,6,3,0,0
30,908,97,58,131,0.415057,9,15,2,60,46,14,6,3,0,0
31,907,103,58,135,0.411043,12,14,2,60,50,14,6,3,0,0
32,904,106,59,141,0.410874,10,13,2,69,49,14,5,3,0,0
33,898,109,63,150,0.408512,10,14,3,72,51,14,5,3,0,0
34,898,104,65,153,0.405894,9,17,3,68,50,14,5,3,0,0
35,899,107,65,155,0.400757,9,20,2,70,49,14,5,3,0,0
36,896,115,66,161,0.392249,14,21,2,70,52,14,5,3,0,0
37,895,104,69,165,0.391388,16,17,2,66,50,14,5,3,0,0
38,894,110,70,169,0.378738,21,20,2,65,50,14,5,3,0,0
39,895,98,72,171,0.382984,19,18,2,62,48,14,4,3,0,0
40,891,102,75,177,0.389976,19,17,2,61,57,14,4,3,0,0
41,887,109,77,184,0.386092,22,19,2,62,60,14,4,3,0,0
42,885,122,77,189,0.377785,25,22,2,67,62,14,4,3,0,0
43,883,126,78,194,0.367884,31,20,2,69,61,14,4,3,0,0
44,882,127,79,198,0.363659,34,20,2,67,62,14,4,3,0,0
45,881,129,79,202,0.360065,32,24,2,70,60,13,4,3,0,0
46,877,129,83,209,0.35474,38,22,2,68,62,13,4,3,0,0
47,872,135,85,217,0.349659,42,23,3,68,64,13,4,3,0,0
48,871,141,85,221,0.34045,45,29,3,67,62,13,4,3,0,0
49,869,133,88,226,0.343586,43,25,3,71,59,13,4,3,0,0
50,867,131,90,231,0.345419,45,23,3,70,60,13,4,3,0,0
51,867,136,90,234,0.344103,46,23,3,75,59,13,4,3,0,0
52,866,133,92,238,0.345822,47,20,3,74,61,13,4,3,0,0
53,865,134,93,242,0.336733,54,19,3,71,60,13,4,3,0,0
54,865,133,94,245,0.328967,58,19,3,70,57,13,4,3,0,0
55,858,147,97,255,0.319712,69,22,3,67,63,13,4,3,0,0
56,854,157,99,262,0.310299,76,25,3,70,62,13,4,3,0,0
57,852,160,101,268,0.310271,76,25,3,75,62,13,4,3,0,0
58,848,159,104,276,0.307631,79,25,3,75,61,13,4,3,0,0
59,844,162,106,284,0.308425,80,25,3,77,63,13,4,3,0,0
60,844,153,108,288,0.310368,77,25,3,75,61,13,4,3,0,0
61,844,160,108,292,0.304911,80,30,3,74,61,13,4,3,0,0
62,840,170,109,300,0.305373,84,32,3,73,67,13,4,3,0,0
63,835,184,110,309,0.300944,87,37,4,80,66,13,4,3,0,0
64,825,204,113,323,0.290888,101,40,4,83,69,13,4,3,0,0
65,820,219,113,333,0.285201,112,43,4,80,73,13,4,3,0,0
66,816,231,114,342,0.274139,123,48,4,77,73,13,4,3,0,0
67,812,229,118,351,0.276199,119,51,4,80,73,13,4,3,0,0
68,805,239,119,363,0.273558,118,62,4,81,73,13,4,3,0,0
69,800,254,121,374,0.265008,126,70,4,83,72,13,4,3,0,0
70,796,266,122,384,0.259701,135,75,4,81,73,13,4,3,0,0
71,786,297,124,400,0.247214,163,74,4,88,72,13,4,3,0,0
72,779,314,128,414,0.246035,175,77,3,89,78,13,4,3,0,0
73,767,341,131,433,0.245515,186,86,3,96,78,13,4,6,0,0
74,762,354,133,445,0.240815,191,99,3,90,82,13,4,5,0,0
75,753,373,139,462,0.235718,208,99,4,94,85,13,4,5,0,0
76,742,406,142,481,0.229021,230,102,5,106,83,13,4,5,0,0
77,732,442,144,499,0.224841,251,106,5,122,79,14,4,5,0,0
78,728,457,147,512,0.22486,261,105,5,131,79,14,4,5,0,0
79,721,469,151,528,0.217023,277,111,5,127,77,14,4,5,0,0
80,716,467,156,542,0.218995,279,109,6,127,76,14,4,8,0,0
81,716,468,159,551,0.216973,286,108,5,126,76,14,4,8,0,0
82,706,476,164,569,0.213313,294,116,5,121,78,14,4,8,0,0
83,702,488,168,582,0.208214,305,123,5,120,78,14,4,7,0,0
84,689,520,172,604,0.199792,332,137,5,117,76,14,4,7,0,0
85,682,535,176,620,0.196231,345,143,5,118,75,14,4,7,0,0
86,674,552,179,637,0.200072,346,149,5,128,75,15,6,7,0,0
87,664,563,185,656,0.202528,342,161,5,132,79,17,7,5,0,0
88,660,574,187,670,0.204985,346,160,5,140,81,17,7,5,0,0
89,649,603,190,691,0.201627,368,160,6,147,81,19,7,5,0,0
90,641,619,196,709,0.199789,385,163,7,145,84,19,7,5,0,0
91,626,653,203,734,0.193774,418,168,7,149,82,20,7,5,0,0
92,619,648,209,751,0.192587,417,174,7,147,81,19,7,5,0,0
93,595,683,218,785,0.188356,458,169,8,149,86,19,7,5,0,0
94,587,683,226,804,0.184684,469,171,8,146,85,19,5,6,0,0
95,584,693,231,817,0.18139,489,169,8,142,85,20,4,7,0,0
96,573,700,240,838,0.178319,513,162,8,137,89,20,4,7,0,0
97,571,687,246,850,0.178786,504,166,8,133,91,20,4,7,0,0
98,556,722,250,875,0.175119,530,175,7,137,92,20,4,7,0,0
99,545,718,259,896,0.174822,532,178,7,135,94,20,4,7,0,0
100,539,719,267,912,0.175567,534,177,7,142,95,20,4,7,0,0
101,527,743,275,934,0.17391,564,172,7,145,99,20,4,7,0,0
102,525,722,281,946,0.17465,555,168,7,143,98,20,4,8,0,0
103,525,721,287,956,0.17425,562,164,7,145,98,20,4,8,0,0
104,522,708,292,968,0.175286,559,157,7,145,101,19,4,8,0,0
105,511,708,300,988,0.174833,563,158,6,149,101,19,4,8,0,0
106,508,687,307,1000,0.176958,551,156,6,147,103,19,4,8,0,0
107,495,713,313,1022,0.175622,561,172,6,152,103,20,4,8,0,0
108,488,727,319,1038,0.174827,577,172,6,155,103,20,5,8,0,0
109,477,737,326,1058,0.175386,594,164,6,158,108,20,5,8,0,0
110,458,766,334,1086,0.173588,624,164,6,160,112,20,5,9,0,0
111,446,792,340,1107,0.171128,653,164,6,161,113,21,5,9,0,0
112,433,795,349,1129,0.173915,649,173,6,166,114,22,5,9,0,0
113,427,790,357,1144,0.173985,653,169,6,168,115,22,5,9,0,0
114,421,780,365,1159,0.176947,648,163,6,175,116,22,5,10,0,0
115,416,774,372,1173,0.179468,643,161,6,181,118,22,5,10,0,0
116,406,787,380,1191,0.179283,658,161,6,184,120,22,5,11,0,0
117,394,792,388,1211,0.179132,664,164,6,186,121,23,5,11,0,0
118,380,812,396,1233,0.179685,674,174,6,189,121,27,6,11,0,0
119,377,782,404,1244,0.182922,658,166,6,186,126,27,6,11,0,0
120,378,762,412,1251,0.185339,649,155,6,193,128,26,6,11,0,0
121,374,737,421,1262,0.1894,631,150,7,194,133,26,6,11,0,0
122,367,716,433,1276,0.191501,622,146,7,193,138,27,5,11,0,0
123,357,725,442,1293,0.192867,629,150,7,193,145,27,5,11,0,0
124,350,714,451,1307,0.196292,617,152,8,197,147,27,5,12,0,0
125,339,720,460,1324,0.195262,624,157,8,197,150,27,5,12,0,0
126,332,712,469,1337,0.196595,625,153,9,197,153,26,5,13,0,0
127,324,717,479,1351,0.19665,634,154,9,199,156,26,5,13,0,0
128,316,714,488,1365,0.196819,635,152,9,205,158,25,5,13,0,0
129,313,685,497,1374,0.199934,620,145,9,206,159,25,5,13,0,0
130,306,672,505,1386,0.203536,615,137,9,209,163,26,5,13,0,0
131,295,679,514,1402,0.20536,616,141,9,217,166,26,5,13,0,0
132,294,655,523,1408,0.207599,603,139,9,216,166,27,5,13,0,0
133,290,643,532,1417,0.208531,605,131,9,216,169,27,5,13,0,0
134,288,619,540,1424,0.214335,585,127,10,216,172,31,5,13,0,0
135,283,609,549,1433,0.216162,574,131,10,222,173,30,5,13,0,0
136,280,591,558,1440,0.218485,563,130,10,222,174,31,5,14,0,0
137,276,576,567,1448,0.220887,551,132,10,223,177,31,5,14,0,0
138,269,564,576,1459,0.221881,550,130,10,222,178,31,5,14,0,0
139,260,552,586,1472,0.223578,548,124,10,225,181,31,5,14,0,0
140,256,527,595,1480,0.227836,525,127,11,225,182,33,5,14,0,0
141,254,506,603,1485,0.231367,511,127,11,223,183,34,5,15,0,0
142,252,489,609,1490,0.234113,498,125,11,224,186,34,5,15,0,0
143,251,460,617,1494,0.237469,478,124,11,225,185,34,5,15,0,0
144,246,444,624,1502,0.240648,467,121,11,229,186,34,5,15,0,0
145,246,423,632,1505,0.245462,452,117,11,231,190,34,5,15,0,0
146,247,395,639,1507,0.251301,430,113,12,233,191,34,5,16,0,0
147,247,378,646,1509,0.255075,417,112,12,232,196,34,5,16,0,0
148,243,365,653,1515,0.258173,409,110,12,233,199,34,5,16,0,0
149,241,346,660,1519,0.262268,393,110,12,235,201,34,5,16,0,0
150,235,341,665,1527,0.266017,389,105,12,240,203,36,5,16,0,0
151,231,327,671,1533,0.267456,379,109,12,238,203,36,5,16,0,0
152,228,317,676,1538,0.271432,369,105,13,245,205,35,5,16,0,0
153,226,309,681,1542,0.274666,359,109,13,243,210,35,5,16,0,0
154,224,288,688,1546,0.279981,342,109,13,243,210,35,8,16,0,0
155,224,267,694,1547,0.284623,325,107,13,247,211,35,7,16,0,0
156,222,251,699,1550,0.289337,311,104,14,249,213,36,7,16,0,0
157,219,246,704,1554,0.290614,310,102,14,250,215,36,7,16,0,0
158,218,251,705,1556,0.293094,306,103,14,253,220,36,7,17,0,0
159,217,248,708,1558,0.296009,298,106,14,252,226,36,7,17,0,0
160,215,229,714,1561,0.299269,289,103,14,248,229,36,7,17,0,0
161,213,220,718,1564,0.300093,286,102,14,247,229,36,7,17,0,0
162,212,209,722,1566,0.303052,278,100,14,249,230,36,7,17,0,0
163,212,197,726,1567,0.305802,267,102,14,250,231,36,6,17,0,0
164,211,189,730,1569,0.308359,262,101,14,250,232,37,6,17,0,0
165,208,179,734,1573,0.311522,255,99,14,253,232,37,6,17,0,0
166,207,170,738,1575,0.313481,250,96,14,255,233,37,6,17,0,0
167,207,163,741,1576,0.316927,238,99,15,260,231,38,6,17,0,0
168,207,160,743,1577,0.317255,238,98,15,258,233,38,6,17,0,0
169,207,153,746,1578,0.318635,237,95,15,258,232,38,6,18,0,0
170,207,142,749,1578,0.320005,232,94,15,257,232,38,5,18,0,0
171,207,128,752,1578,0.324223,220,93,15,258,233,38,5,18,0,0
172,205,127,754,1580,0.325512,219,93,15,258,235,38,5,18,0,0
173,204,119,757,1581,0.32762,213,92,16,260,234,38,5,18,0,0
174,202,107,759,1583,0.331396,204,90,16,260,235,38,5,18,0,0
175,201,107,759,1584,0.333007,201,89,16,261,238,38,5,18,0,0
176,200,97,762,1585,0.334672,196,89,16,260,237,38,5,18,0,0
177,197,96,764,1588,0.333712,196,91,16,261,235,38,5,18,0,0
178,197,93,766,1588,0.334882,193,91,16,263,235,38,5,18,0,0
179,195,93,767,1590,0.335028,196,88,16,263,236,38,5,18,0,0
180,195,85,769,1590,0.337364,190,87,17,262,237,38,5,18,0,0
181,193,83,771,1592,0.336954,191,87,17,261,237,38,5,18,0,0
182,192,84,772,1593,0.337023,193,87,17,260,237,39,5,18,0,0
183,191,81,774,1594,0.339492,187,87,17,263,238,40,5,18,0,0
184,191,73,776,1594,0.340779,182,88,17,262,237,40,5,18,0,0
185,188,76,778,1597,0.339491,185,89,17,262,238,40,5,18,0,0
186,188,69,779,1597,0.342697,177,88,17,263,240,40,5,18,0,0
187,187,70,780,1598,0.34212,180,88,17,261,240,40,5,19,0,0
188,185,75,781,1600,0.34134,182,89,17,264,240,40,5,19,0,0
189,184,72,783,1601,0.34137,182,89,17,264,239,40,5,19,0,0
190,184,72,784,1601,0.341658,181,89,17,268,237,40,5,19,0,0
191,184,65,786,1601,0.342852,178,89,17,266,237,40,5,19,0,0
192,184,61,787,1601,0.345835,173,88,17,265,238,43,5,19,0,0
193,184,74,785,1601,0.34841,173,88,17,268,244,43,4,21,1,0
194,184,80,784,1601,0.34846,173,91,17,268,244,45,4,21,1,0
195,184,75,786,1601,0.348941,172,89,17,269,244,44,4,21,1,0
196,184,67,788,1601,0.351363,165,89,17,270,244,44,4,21,1,0
197,184,65,789,1601,0.352553,161,92,17,269,245,44,4,21,1,0
198,184,59,791,1601,0.352221,161,91,17,269,243,42,5,21,1,0
199,184,60,791,1601,0.351942,160,92,17,272,242,41,5,21,1,0
200,184,61,790,1601,0.352407,160,92,17,269,245,41,5,21,1,0
201,184,70,788,1601,0.354115,158,92,17,274,249,41,5,21,1,0
202,184,64,790,1601,0.354963,156,91,17,274,248,41,5,21,1,0
203,184,60,791,1601,0.354971,155,90,17,273,250,40,5,20,1,0
204,182,58,793,1603,0.354295,157,90,17,271,251,39,5,20,1,0
205,182,57,793,1603,0.356557,156,88,17,272,249,39,5,23,1,0
206,182,53,794,1603,0.357602,153,88,17,272,249,39,5,23,1,0
207,181,52,795,1604,0.357658,153,88,17,271,250,39,5,23,1,0
208,179,51,797,1606,0.359176,152,88,17,270,251,39,5,25,1,0
209,178,50,798,1607,0.358708,153,88,17,269,251,39,5,25,1,0
210,178,49,798,1607,0.36083,150,87,17,269,253,40,5,25,1,0
211,178,47,799,1607,0.360642,150,87,17,269,252,40,5,25,1,0
212,178,44,800,1607,0.359473,151,87,17,268,252,39,5,24,1,0
213,178,41,801,1607,0.35947,150,88,17,267,251,39,5,24,1,0
214,178,42,801,1607,0.360459,148,89,17,266,254,39,5,24,1,0
215,178,38,802,1607,0.360318,147,89,17,267,251,39,5,24,1,0
216,178,40,802,1607,0.360781,145,90,18,269,251,39,5,24,1,0
217,178,37,803,1607,0.361715,143,90,17,269,252,39,5,24,1,0
218,178,38,803,1607,0.361153,145,90,17,268,252,39,6,23,1,0
219,177,34,805,1608,0.359852,145,90,17,269,251,39,6,21,1,0
220,177,35,805,1608,0.360396,144,90,17,272,249,40,6,21,1,0
221,177,32,806,1608,0.361273,142,90,17,271,250,40,6,21,1,0
222,177,34,806,1608,0.359669,142,94,17,270,250,40,6,20,1,0
223,176,47,804,1609,0.360825,145,94,17,273,252,40,6,22,2,0
224,175,48,805,1610,0.359792,145,95,17,275,252,40,6,21,2,0
225,175,46,806,1610,0.360262,144,95,17,274,252,41,6,21,2,0
226,175,49,806,1610,0.359646,146,95,17,275,252,41,6,21,2,0
227,174,52,806,1611,0.359788,145,98,17,274,251,44,6,21,2,0
228,174,53,805,1611,0.359402,146,97,17,274,252,44,6,20,2,0
229,174,53,805,1611,0.359481,146,96,17,275,252,44,6,20,2,0
230,174,50,805,1611,0.359603,146,93,17,277,251,44,6,20,1,0
231,174,47,806,1611,0.359055,145,94,17,276,251,44,6,19,1,0
232,174,58,804,1611,0.359104,147,94,17,279,255,44,6,19,1,0
233,174,49,805,1611,0.359321,145,94,17,275,253,44,6,19,1,0
234,174,56,804,1611,0.357658,151,94,17,275,253,43,7,19,1,0
235,173,60,804,1612,0.358603,151,93,17,277,255,43,8,19,1,0
236,173,64,803,1612,0.35694,153,93,17,281,254,42,8,18,1,0
237,171,60,805,1614,0.356903,152,92,17,282,254,42,8,18,0,0
238,171,60,805,1614,0.358061,150,92,17,281,257,42,8,18,0,0
239,169,63,806,1616,0.356099,156,92,17,280,256,42,8,18,0,0
240,169,64,807,1616,0.356363,155,92,17,282,255,45,8,17,0,0
241,169,57,808,1616,0.356884,152,92,17,281,255,43,8,17,0,0
242,167,58,809,1618,0.355762,155,92,17,281,254,43,8,17,0,0
243,166,53,810,1619,0.354822,154,94,17,280,250,43,8,17,0,0
244,166,54,810,1619,0.354834,152,97,17,280,250,43,8,17,0,0
245,166,53,810,1619,0.354949,151,97,17,280,251,42,8,17,0,0
246,165,57,809,1620,0.355752,150,96,17,281,254,44,8,16,0,0
247,165,53,811,1620,0.355229,151,96,17,280,252,44,8,16,0,0
248,165,61,809,1620,0.357151,147,96,20,284,255,44,8,16,0,0
249,165,57,811,1620,0.35735,146,96,19,285,254,44,8,16,0,0
250,163,59,812,1622,0.357663,145,96,21,287,253,45,8,16,0,0
251,162,49,815,1623,0.359002,143,94,20,284,254,45,8,16,0,0
252,161,43,816,1624,0.359155,144,92,19,282,253,45,8,16,0,0
253,160,47,816,1625,0.357911,147,92,19,284,253,44,8,16,0,0
254,160,42,817,1625,0.358806,144,92,19,283,253,44,8,16,0,0
255,159,40,819,1626,0.358217,145,92,19,283,252,44,8,16,0,0
256,158,43,819,1627,0.357242,147,93,19,284,251,44,8,16,0,0
257,158,47,818,1627,0.358404,145,93,19,288,252,44,8,16,0,0
258,157,53,818,1628,0.359379,145,93,19,288,258,44,8,16,0,0
259,157,52,820,1628,0.359649,145,93,19,288,259,44,8,16,0,0
260,156,49,821,1629,0.360841,141,93,19,289,260,44,8,16,0,0
261,156,46,822,1629,0.360423,141,93,19,289,259,43,8,16,0,0
262,156,42,823,1629,0.359784,141,94,18,288,257,43,8,16,0,0
263,154,41,825,1631,0.360199,140,94,18,289,258,43,8,16,0,0
264,152,42,827,1633,0.360112,140,94,18,292,258,43,8,16,0,0
265,151,40,828,1634,0.359469,142,94,18,289,258,43,8,16,0,0
266,150,44,828,1635,0.359835,141,97,18,288,261,43,8,16,0,0
267,150,42,829,1635,0.360602,139,97,18,288,262,43,8,16,0,0
268,150,36,830,1635,0.360915,139,96,17,285,262,43,8,16,0,0
269,149,37,831,1636,0.360774,139,96,17,288,262,42,8,16,0,0
270,149,44,830,1636,0.36014,139,99,17,291,262,42,8,16,0,0
271,149,43,830,1636,0.359333,140,100,17,288,262,42,8,16,0,0
272,149,40,831,1636,0.359613,141,98,17,287,262,42,8,16,0,0
273,149,46,830,1636,0.360297,142,98,17,285,265,45,8,16,0,0
274,148,44,831,1637,0.360099,142,98,18,283,266,44,8,16,0,0
275,148,42,832,1637,0.359949,141,99,18,283,265,44,8,16,0,0
276,148,40,833,1637,0.360154,140,99,18,283,265,44,8,16,0,0
277,148,38,834,1637,0.360023,140,99,18,283,264,44,8,16,0,0
278,148,39,834,1637,0.359787,141,98,18,286,262,44,8,16,0,0
279,148,40,834,1637,0.360522,141,97,18,285,265,44,8,16,0,0
280,148,41,833,1637,0.359109,145,97,18,281,266,43,8,16,0,0
281,147,40,834,1638,0.359834,143,97,18,283,266,43,8,16,0,0
282,147,42,834,1638,0.359991,142,97,18,286,266,43,8,16,0,0
283,147,39,835,1638,0.360186,142,96,18,285,266,43,8,16,0,0
284,147,36,836,1638,0.360133,142,96,18,283,266,43,8,16,0,0
285,147,33,836,1638,0.359182,143,96,18,282,264,42,8,16,0,0
286,146,34,836,1639,0.35994,141,95,21,282,266,41,8,16,0,0
287,146,32,836,1639,0.36081,139,95,20,282,267,41,8,16,0,0
288,146,28,837,1639,0.360181,140,94,20,282,264,41,8,16,0,0
289,146,22,838,1639,0.360483,139,94,18,280,264,41,8,16,0,0
290,145,26,838,1640,0.361918,137,94,18,282,268,41,8,16,0,0
291,145,24,839,1640,0.361983,137,93,18,283,267,41,8,16,0,0
292,145,32,838,1640,0.360768,140,94,18,286,267,41,8,16,0,0
293,145,33,838,1640,0.361083,139,94,18,289,266,41,8,16,0,0
294,145,42,836,1640,0.359733,142,94,18,294,266,40,8,16,0,0
295,145,42,836,1640,0.360322,140,94,18,296,266,40,8,16,0,0
296,145,35,837,1640,0.36054,138,94,18,294,264,40,8,16,0,0
297,144,35,838,1641,0.360695,137,94,18,296,264,40,8,16,0,0
298,144,38,838,1641,0.359434,138,97,18,296,263,40,8,16,0,0
299,144,36,838,1641,0.359169,137,99,18,294,262,40,8,16,0,0
300,144,37,838,1641,0.359071,136,101,18,294,262,40,8,16,0,0
301,143,38,838,1642,0.35783,138,103,18,292,261,40,8,16,0,0
302,143,38,838,1642,0.35858,138,101,17,295,261,40,8,16,0,0
303,142,53,836,1643,0.357894,141,101,17,304,262,40,8,16,0,0
304,142,49,837,1643,0.358022,141,100,17,302,262,40,8,16,0,0
305,140,54,837,1645,0.359266,139,102,17,301,265,43,8,16,0,0
306,140,56,836,1645,0.359434,139,102,17,300,268,42,8,16,0,0
307,140,50,838,1645,0.359958,138,100,17,300,268,41,8,16,0,0
308,140,48,838,1645,0.360234,138,99,17,299,268,41,8,16,0,0
309,140,49,838,1645,0.359116,142,98,17,298,267,41,8,16,0,0
310,140,44,839,1645,0.359765,140,98,17,296,267,41,8,16,0,0
311,140,39,840,1645,0.360106,140,97,17,293,267,41,8,16,0,0
312,140,34,841,1645,0.361447,137,96,17,292,267,42,8,16,0,0
313,139,45,839,1646,0.358375,148,96,17,289,268,42,8,16,0,0
314,138,44,839,1647,0.360303,144,95,17,290,271,42,8,16,0,0
315,138,40,839,1647,0.361144,142,94,17,289,271,42,8,16,0,0
316,138,37,840,1647,0.36147,141,94,17,288,271,42,8,16,0,0
317,138,44,838,1647,0.360659,139,99,17,290,271,42,8,16,0,0
318,138,45,839,1647,0.361421,138,98,17,292,273,42,8,16,0,0
319,138,41,840,1647,0.361472,138,97,17,291,272,42,8,16,0,0
320,138,41,840,1647,0.361973,138,95,17,294,272,41,8,16,0,0
321,138,40,841,1647,0.362099,138,95,17,293,273,41,8,16,0,0
322,138,37,841,1647,0.361758,137,96,17,293,270,41,8,16,0,0
323,138,39,841,1647,0.362913,136,96,17,293,272,41,8,17,0,0
324,137,38,842,1648,0.362888,135,98,17,291,273,41,8,17,0,0
325,136,42,842,1649,0.362739,135,99,17,293,274,41,8,17,0,0
326,135,48,841,1650,0.363603,135,98,17,295,278,41,8,17,0,0
327,135,46,842,1650,0.36344,135,98,17,295,277,41,8,17,0,0
328,135,46,842,1650,0.363775,135,98,17,293,279,41,8,17,0,0
329,135,41,843,1650,0.363227,136,97,17,292,276,41,8,17,0,0
330,135,41,843,1650,0.363037,136,97,17,293,275,41,8,17,0,0
331,135,42,843,1650,0.363554,136,97,17,291,278,41,8,17,0,0
332,135,37,844,1650,0.363499,136,96,17,290,276,41,8,17,0,0
333,135,32,845,1650,0.363341,135,97,17,288,274,41,8,17,0,0
334,135,47,842,1650,0.362597,135,100,17,297,274,41,8,17,0,0
335,135,53,841,1650,0.363527,135,100,17,299,274,44,8,17,0,0
336,135,47,843,1650,0.363655,136,98,17,297,273,44,8,17,0,0
337,135,39,844,1650,0.364303,135,96,17,294,272,44,8,17,0,0
338,135,37,844,1650,0.363937,135,96,16,294,271,44,8,17,0,0
339,135,35,845,1650,0.363867,135,96,17,292,271,44,8,17,0,0
340,135,47,842,1650,0.364925,135,96,18,293,278,44,8,17,0,0
341,135,47,842,1650,0.364943,135,96,18,293,278,44,8,17,0,0
342,135,44,843,1650,0.364179,136,96,18,292,277,43,8,17,0,0
343,135,43,843,1650,0.364948,136,94,18,290,280,43,8,17,0,0
344,134,47,842,1651,0.364255,136,97,18,288,282,43,8,17,0,0
345,132,40,846,1653,0.364195,137,96,18,286,281,43,8,17,0,0
346,132,42,846,1653,0.36489,137,96,18,284,285,43,8,17,0,0
347,132,39,847,1653,0.365192,137,95,18,283,285,43,8,17,0,0
348,132,37,848,1653,0.365623,137,94,18,282,286,43,8,17,0,0
349,132,36,848,1653,0.366587,138,93,18,280,284,43,11,17,0,0
350,131,37,849,1654,0.367249,138,92,19,279,287,43,11,17,0,0
351,131,35,850,1654,0.367496,138,91,19,279,287,43,11,17,0,0
352,131,34,851,1654,0.367165,138,92,19,279,286,43,11,17,0,0
353,131,40,850,1654,0.367066,138,92,19,282,289,43,10,17,0,0
354,131,41,850,1654,0.366287,139,92,19,283,289,43,9,17,0,0
355,131,41,851,1654,0.366257,139,92,19,284,289,43,9,17,0,0
356,131,43,851,1654,0.365192,142,92,19,285,287,43,9,17,0,0
357,131,40,852,1654,0.3652,142,91,19,286,285,43,9,17,0,0
358,130,40,853,1655,0.364284,142,94,19,285,284,43,9,17,0,0
359,130,37,854,1655,0.364003,142,94,19,285,282,43,9,17,0,0
360,130,43,853,1655,0.362943,145,94,19,288,281,43,9,17,0,0
361,130,46,852,1655,0.364377,143,93,19,291,283,43,9,17,0,0
362,129,44,853,1656,0.364086,145,92,19,290,281,44,9,17,0,0
363,129,48,852,1656,0.362765,148,93,19,291,279,44,9,17,0,0
364,129,44,853,1656,0.363321,147,92,19,290,279,44,9,17,0,0
365,129,40,854,1656,0.363511,146,92,19,289,278,44,9,17,0,0
366,129,49,852,1656,0.363941,147,92,19,291,283,43,9,17,0,0
367,129,45,853,1656,0.363655,147,92,19,289,282,43,9,17,0,0
368,129,44,853,1656,0.36387,146,92,19,288,283,43,9,17,0,0
369,129,40,854,1656,0.364303,145,92,19,286,282,44,9,17,0,0
370,127,41,856,1658,0.363288,148,92,19,287,281,44,9,17,0,0
371,127,36,856,1658,0.363039,146,92,20,287,277,44,9,17,0,0
372,127,42,855,1658,0.362484,146,95,20,288,278,44,9,17,0,0
373,126,44,855,1659,0.362275,146,95,23,287,278,44,9,17,0,0
374,126,39,856,1659,0.361612,147,95,22,284,278,44,8,17,0,0
375,126,38,856,1659,0.36203,146,94,22,287,276,44,8,17,0,0
376,126,34,857,1659,0.361329,146,95,22,285,274,44,8,17,0,0
377,126,32,858,1659,0.361625,145,95,22,285,274,44,8,17,0,0
378,126,32,859,1659,0.361335,146,95,22,285,274,44,8,17,0,0
379,125,38,859,1660,0.36098,146,98,21,288,275,44,8,17,0,0
380,125,35,859,1660,0.361434,146,97,21,286,275,44,8,17,0,0
381,125,36,859,1660,0.361468,145,98,21,288,274,44,8,17,0,0
382,125,35,859,1660,0.361624,145,98,21,285,276,44,8,17,0,0
383,125,38,859,1660,0.361974,144,98,21,288,277,44,8,17,0,0
384,125,37,859,1660,0.362084,144,98,20,286,280,43,8,17,0,0
385,125,34,860,1660,0.361738,144,98,20,286,278,43,8,17,0,0
386,125,35,860,1660,0.361347,144,98,20,289,276,43,8,17,0,0
387,125,41,859,1660,0.360257,144,101,21,291,275,43,8,17,0,0
388,124,39,860,1661,0.35928,147,100,21,290,273,43,8,17,0,0
389,124,37,861,1661,0.359588,147,99,21,289,274,43,8,17,0,0
390,124,34,862,1661,0.360059,147,98,21,287,274,44,8,17,0,0
391,124,31,863,1661,0.360408,146,97,21,288,273,44,8,17,0,0
392,124,33,863,1661,0.360985,146,98,21,286,273,47,8,17,0,0
393,124,33,863,1661,0.361491,146,96,20,288,274,47,8,17,0,0
394,123,36,863,1662,0.361503,143,99,20,292,273,47,8,17,0,0
395,123,32,864,1662,0.361486,143,99,20,290,272,46,9,17,0,0
396,123,35,864,1662,0.360716,146,99,20,289,273,46,9,17,0,0
397,123,34,864,1662,0.360056,148,99,20,286,273,46,9,17,0,0
398,123,33,865,1662,0.360051,148,99,20,286,273,46,9,17,0,0
399,123,32,865,1662,0.36036,150,96,20,285,274,46,9,17,0,0
400,123,26,866,1662,0.36099,148,96,20,282,274,46,9,17,0,0
401,123,23,866,1662,0.361603,146,96,20,281,274,46,9,17,0,0
402,123,23,865,1662,0.361073,147,96,20,280,274,45,9,17,0,0
403,123,26,865,1662,0.360705,148,96,20,282,274,45,9,17,0,0
404,123,25,866,1662,0.361168,147,96,20,282,275,45,9,17,0,0
405,123,19,866,1662,0.362644,143,95,20,281,275,45,9,17,0,0
406,123,21,865,1662,0.363569,143,94,20,280,275,48,9,17,0,0
407,123,19,866,1662,0.363684,142,94,20,281,275,47,9,17,0,0
408,123,18,866,1662,0.363994,141,94,20,281,275,47,9,17,0,0
409,123,21,865,1662,0.363207,141,97,20,280,275,47,9,17,0,0
410,123,27,864,1662,0.362015,144,97,20,283,275,46,9,17,0,0
411,123,26,865,1662,0.361548,144,98,20,283,275,45,9,17,0,0
412,123,34,864,1662,0.361271,147,98,20,284,278,45,9,17,0,0
413,123,32,864,1662,0.361947,147,97,20,283,277,45,9,18,0,0
414,123,30,865,1662,0.362507,145,97,20,284,277,45,9,18,0,0
415,122,35,865,1663,0.361394,149,97,20,286,276,45,9,18,0,0
416,122,33,866,1663,0.361788,148,97,20,285,277,45,9,18,0,0
417,122,39,865,1663,0.362382,148,97,20,287,280,45,9,18,0,0
418,121,44,865,1664,0.362465,151,96,20,286,284,45,9,18,0,0
419,120,46,865,1665,0.361901,153,95,20,288,283,45,9,18,0,0
420,120,46,864,1665,0.362938,152,94,20,286,283,48,9,18,0,0
421,120,40,865,1665,0.362945,150,94,20,286,282,46,9,18,0,0
422,120,35,865,1665,0.365446,146,92,20,286,280,46,12,18,0,0
423,120,37,865,1665,0.36575,145,92,21,289,279,46,12,18,0,0
424,120,39,864,1665,0.364317,147,92,24,288,278,45,11,18,0,0
425,120,40,864,1665,0.365116,146,92,23,288,281,45,11,18,0,0
426,120,33,865,1665,0.365705,144,92,22,286,280,44,12,18,0,0
427,120,32,866,1665,0.365688,144,92,23,285,280,44,12,18,0,0
428,120,35,866,1665,0.364765,144,95,23,285,280,45,11,18,0,0
429,120,36,866,1665,0.365448,143,95,23,283,284,45,11,18,0,0
430,119,37,867,1666,0.364789,145,95,23,283,284,45,11,18,0,0
431,119,37,867,1666,0.36544,144,94,23,286,282,46,11,18,0,0
432,119,34,868,1666,0.365561,144,93,23,286,281,46,11,18,0,0
433,119,31,869,1666,0.365445,144,92,23,286,281,46,10,18,0,0
434,119,30,870,1666,0.36571,143,92,23,287,281,46,10,18,0,0
435,119,29,870,1666,0.365559,143,92,23,287,280,46,10,18,0,0
436,119,31,869,1666,0.365065,143,92,23,290,279,45,10,18,0,0
437,119,33,869,1666,0.36574,142,92,23,292,280,45,10,18,0,0
438,119,34,869,1666,0.365452,141,95,22,291,281,45,10,18,0,0
439,119,38,868,1666,0.365802,141,95,22,291,284,45,10,18,0,0
440,118,43,868,1667,0.364581,144,95,22,294,283,45,10,18,0,0
441,118,44,868,1667,0.364712,144,95,22,294,284,45,10,18,0,0
442,118,44,868,1667,0.363851,144,97,22,294,283,44,10,18,0,0
443,118,41,869,1667,0.364392,144,95,22,294,283,44,10,18,0,0
444,118,40,870,1667,0.364483,144,95,22,293,284,44,10,18,0,0
445,118,42,869,1667,0.363803,146,95,22,292,284,44,10,18,0,0
446,118,41,869,1667,0.364229,146,94,22,292,283,45,10,18,0,0
447,118,42,869,1667,0.365085,145,94,23,291,282,48,10,18,0,0
448,118,37,870,1667,0.364803,145,94,22,289,282,48,9,18,0,0
449,118,33,871,1667,0.364412,145,94,22,288,281,47,9,18,0,0
450,117,32,871,1668,0.363718,145,94,22,290,280,45,9,18,0,0
451,117,28,872,1668,0.364176,144,93,22,290,279,45,9,18,0,0
452,117,31,871,1668,0.364376,144,93,22,292,279,45,9,18,0,0
453,116,29,872,1669,0.364217,145,93,22,289,280,45,9,18,0,0
454,115,31,873,1670,0.363887,146,93,22,291,280,45,9,18,0,0
455,115,27,874,1670,0.364066,145,93,22,290,279,45,9,18,0,0
456,115,32,872,1670,0.363364,148,93,22,287,282,45,9,18,0,0
457,115,31,873,1670,0.362846,148,94,22,287,282,44,9,18,0,0
458,115,33,873,1670,0.363108,148,93,22,290,282,44,9,18,0,0
459,115,35,873,1670,0.363324,148,94,22,288,285,44,9,18,0,0
460,115,47,870,1670,0.361601,154,97,22,285,287,45,9,18,0,0
461,115,48,870,1670,0.361247,153,98,23,287,285,45,9,18,0,0
462,115,44,871,1670,0.361564,152,98,23,285,285,45,9,18,0,0
463,115,46,870,1670,0.361585,150,101,23,282,288,45,9,18,0,0
464,115,39,871,1670,0.363137,148,97,23,282,288,45,9,18,0,0
465,115,35,872,1670,0.363398,147,97,22,281,288,45,9,18,0,0
466,115,38,872,1670,0.363908,147,97,22,281,291,45,9,18,0,0
467,115,41,872,1670,0.362754,148,100,22,281,290,45,9,18,0,0
468,113,34,875,1672,0.362796,147,100,22,280,288,45,9,18,0,0
469,112,37,875,1673,0.36369,147,98,22,282,291,45,9,18,0,0
470,112,33,876,1673,0.364105,145,98,22,282,290,45,9,18,0,0
471,110,41,876,1675,0.362986,145,103,22,285,290,45,9,18,0,0
472,110,47,875,1675,0.363677,145,103,22,285,295,45,9,18,0,0
473,110,44,875,1675,0.363179,148,100,22,284,293,45,9,18,0,0
474,110,44,875,1675,0.363651,148,99,22,283,295,45,9,18,0,0
475,110,38,876,1675,0.363898,146,99,22,282,293,45,9,18,0,0
476,110,33,877,1675,0.364504,144,98,22,282,292,45,9,18,0,0
477,109,42,876,1676,0.363548,146,101,22,285,292,45,9,18,0,0
478,108,43,876,1677,0.365739,146,98,22,285,293,45,9,21,0,0
479,108,44,876,1677,0.366055,146,98,22,285,291,48,9,21,0,0
480,108,50,874,1677,0.364703,149,97,22,291,288,48,9,20,0,0
481,107,45,875,1678,0.365735,146,97,22,290,288,47,10,20,0,0
482,107,47,875,1678,0.366326,146,96,22,291,288,49,10,20,0,0
483,107,47,875,1678,0.367556,143,96,22,293,288,49,11,20,0,0
484,107,42,876,1678,0.367294,143,96,22,290,287,50,11,19,0,0
485,107,41,876,1678,0.36687,142,96,25,290,286,48,11,19,0,0
486,107,43,876,1678,0.367118,143,95,25,290,288,48,11,19,0,0
487,107,41,877,1678,0.366991,143,95,25,290,287,48,11,19,0,0
488,106,42,878,1679,0.366511,144,95,25,293,286,47,11,19,0,0
489,105,46,878,1680,0.365934,145,96,25,296,285,47,11,19,0,0
490,105,43,879,1680,0.365093,146,96,25,295,284,47,11,18,0,0
491,104,40,880,1681,0.364906,145,95,25,296,284,47,11,17,0,0
492,104,36,880,1681,0.365497,144,93,25,296,284,46,11,17,0,0
493,103,46,878,1682,0.366025,143,94,25,300,285,49,11,17,0,0
494,103,47,878,1682,0.365986,143,94,25,302,284,49,11,17,0,0
495,103,42,879,1682,0.36613,143,93,24,300,285,48,11,17,0,0
496,103,37,880,1682,0.365335,144,93,24,297,285,46,11,17,0,0
497,103,33,881,1682,0.365591,144,92,24,295,285,46,11,17,0,0
498,103,35,881,1682,0.365751,145,92,24,293,288,46,11,17,0,0
499,103,37,880,1682,0.364765,148,92,24,292,288,45,11,17,0,0
500,102,32,881,1683,0.365248,147,92,24,287,290,45,11,17,0,0
501,102,30,882,1683,0.365366,147,92,24,286,290,45,11,17,0,0
502,102,30,882,1683,0.365865,147,92,23,284,293,45,11,17,0,0
503,102,27,883,1683,0.365505,147,92,23,284,291,45,11,17,0,0
504,102,22,884,1683,0.365245,147,92,21,284,290,44,11,17,0,0
505,102,21,884,1683,0.363806,150,92,21,283,287,44,11,17,0,0
506,102,23,884,1683,0.363515,150,93,21,284,287,44,11,17,0,0
507,102,27,884,1683,0.362341,154,93,21,284,287,44,11,17,0,0
508,102,25,884,1683,0.363606,151,94,21,281,290,44,11,17,0,0
509,102,30,883,1683,0.363494,150,97,21,280,293,44,11,17,0,0
510,102,36,881,1683,0.365648,149,97,21,282,293,44,11,20,0,0
511,102,38,881,1683,0.366419,148,97,21,282,296,44,11,20,0,0
512,102,39,881,1683,0.367098,147,97,21,280,300,44,11,20,0,0
513,102,37,882,1683,0.366848,147,97,21,280,299,44,11,20,0,0
514,102,35,883,1683,0.366948,146,97,21,281,298,44,11,20,0,0
515,101,42,882,1684,0.366623,146,97,21,287,299,44,11,19,0,0
516,101,40,882,1684,0.367115,145,97,21,285,300,44,11,19,0,0
517,101,42,882,1684,0.367411,145,97,21,286,301,44,11,19,0,0
518,101,42,882,1684,0.36761,145,97,21,284,303,44,11,19,0,0
519,100,38,883,1685,0.366341,144,101,21,283,298,44,11,19,0,0
520,100,39,883,1685,0.365698,144,104,21,282,297,44,11,19,0,0
521,100,39,883,1685,0.365137,144,104,21,285,294,44,11,19,0,0
522,100,54,879,1685,0.361259,156,103,21,286,293,44,11,19,0,0
523,100,51,880,1685,0.360957,156,103,22,284,292,44,11,19,0,0
524,100,49,881,1685,0.360972,156,103,22,283,292,44,11,19,0,0
525,100,48,881,1685,0.36114,156,102,22,283,292,44,11,19,0,0
526,99,49,882,1686,0.361288,156,102,23,283,293,44,11,19,0,0
527,98,53,881,1687,0.360766,156,101,26,285,293,44,11,18,0,0
528,97,51,882,1688,0.36163,154,99,26,289,292,44,11,18,0,0
529,97,55,881,1688,0.360382,153,104,25,289,293,44,11,17,0,0
530,97,48,882,1688,0.360973,151,104,25,286,292,44,11,17,0,0
531,97,42,883,1688,0.361492,150,102,25,286,290,44,11,17,0,0
532,97,38,884,1688,0.36174,150,101,25,284,290,44,11,17,0,0
533,97,39,884,1688,0.361705,149,101,25,287,289,44,11,17,0,0
534,97,39,883,1688,0.361511,150,101,25,283,291,44,11,17,0,0
535,97,36,884,1688,0.361841,149,101,25,282,291,44,11,17,0,0
536,97,35,885,1688,0.362121,149,101,24,282,291,45,11,17,0,0
537,97,45,883,1688,0.361964,149,103,24,284,295,45,11,17,0,0
538,97,41,884,1688,0.362122,148,103,23,284,294,45,11,17,0,0
539,97,34,885,1688,0.362714,147,101,23,282,293,45,11,17,0,0
540,95,34,887,1690,0.362744,147,101,23,284,293,45,11,17,0,0
541,95,34,887,1690,0.363356,146,100,23,286,293,45,11,17,0,0
542,95,37,887,1690,0.364847,146,100,23,285,294,45,11,20,0,0
543,95,34,888,1690,0.364099,146,100,23,284,295,45,11,18,0,0
544,95,37,888,1690,0.364477,146,100,23,284,298,45,11,18,0,0
545,95,35,889,1690,0.365317,145,100,23,284,297,45,11,19,0,0
546,95,31,890,1690,0.365307,145,100,23,282,296,45,11,19,0,0
547,95,38,889,1690,0.366081,144,100,23,285,300,45,11,19,0,0
548,95,39,889,1690,0.365966,144,100,23,285,302,45,11,18,0,0
549,95,49,887,1690,0.364623,143,106,23,288,302,45,11,18,0,0
550,95,53,886,1690,0.365823,143,105,23,286,307,46,11,18,0,0
551,95,48,886,1690,0.364549,146,104,23,285,301,46,11,18,0,0
552,95,49,886,1690,0.36429,146,105,23,285,301,46,11,18,0,0
553,94,51,887,1691,0.363732,146,107,24,285,301,46,11,18,0,0
554,94,47,888,1691,0.364358,145,105,24,286,300,46,11,18,0,0
555,94,49,887,1691,0.364515,147,103,24,288,299,46,11,18,0,0
556,94,44,887,1691,0.363337,149,103,24,286,294,46,11,18,0,0
557,93,45,888,1692,0.362617,151,103,24,287,293,46,11,18,0,0
558,93,42,889,1692,0.363529,151,100,24,287,294,46,11,18,0,0
559,92,42,890,1693,0.36327,152,100,24,287,294,46,11,18,0,0
560,92,38,891,1693,0.363377,151,99,24,287,294,46,11,17,0,0
561,92,37,892,1693,0.36359,151,98,25,287,294,46,11,17,0,0
562,92,30,893,1693,0.3646,149,97,25,284,293,47,11,17,0,0
563,92,32,893,1693,0.363995,152,96,25,284,293,47,11,17,0,0
564,92,36,892,1693,0.365143,151,96,25,283,295,50,11,17,0,0
565,92,41,891,1693,0.366058,152,96,25,283,296,49,14,17,0,0
566,91,41,892,1694,0.365387,151,99,25,283,296,48,14,17,0,0
567,91,38,893,1694,0.36591,150,98,25,283,296,48,14,17,0,0
568,91,39,893,1694,0.364911,150,99,25,283,299,47,12,17,0,0
569,91,37,894,1694,0.365191,149,99,26,282,299,47,12,17,0,0
570,91,39,894,1694,0.366212,148,98,26,283,302,47,12,17,0,0
571,91,34,895,1694,0.366378,147,97,26,283,300,47,12,17,0,0
572,90,42,894,1695,0.366209,148,98,26,286,302,47,12,17,0,0
573,90,42,894,1695,0.366074,147,98,26,289,301,46,12,17,0,0
574,90,50,892,1695,0.365624,149,98,26,291,303,46,12,17,0,0
575,89,43,894,1696,0.365654,149,97,26,290,299,47,12,17,0,0
576,89,48,893,1696,0.366492,147,96,26,296,300,47,12,17,0,0
577,89,50,893,1696,0.365909,149,96,26,296,300,47,12,17,0,0
578,89,54,891,1696,0.365857,151,94,26,297,301,47,12,17,0,0
579,89,55,891,1696,0.366354,150,94,26,296,305,47,11,17,0,0
580,88,58,891,1697,0.366678,148,94,26,302,304,47,11,17,0,0
581,88,54,892,1697,0.36718,146,94,26,302,303,47,11,17,0,0
582,87,49,894,1698,0.367491,146,93,26,300,303,47,11,17,0,0
583,87,51,893,1698,0.367337,146,96,26,295,306,47,11,17,0,0
584,87,53,892,1698,0.367451,146,98,26,291,306,50,11,17,0,0
585,86,49,893,1699,0.36636,148,97,26,291,303,50,10,17,0,0
586,86,51,893,1699,0.366923,148,97,26,290,306,50,10,17,0,0
587,85,54,893,1700,0.366975,145,100,26,293,306,50,10,17,0,0
588,84,60,892,1701,0.367797,145,99,26,296,309,50,10,17,0,0
589,84,56,893,1701,0.367662,144,100,26,294,308,50,10,17,0,0
590,82,64,893,1703,0.36801,144,101,26,295,315,49,10,17,0,0
591,82,57,895,1703,0.367428,144,101,26,294,312,48,10,17,0,0
592,82,62,895,1703,0.367732,146,102,26,294,312,47,13,17,0,0
593,82,58,897,1703,0.368073,145,101,26,295,311,47,13,17,0,0
594,82,65,896,1703,0.366696,148,104,26,295,311,47,13,17,0,0
595,81,66,896,1704,0.36678,149,104,26,293,313,47,13,17,0,0
596,81,75,894,1704,0.367111,149,105,26,293,321,46,12,17,0,0
597,81,70,896,1704,0.36747,148,104,26,293,319,47,12,17,0,0
598,81,67,898,1704,0.366874,149,104,26,293,317,47,12,17,0,0
599,81,69,897,1704,0.36642,151,103,26,293,317,47,12,17,0,0
600,80,72,897,1705,0.364324,154,106,26,294,313,47,12,17,0,0
601,80,66,898,1705,0.365197,153,104,26,292,313,47,12,17,0,0
602,79,65,899,1706,0.366736,153,103,26,290,313,47,15,17,0,0
603,79,62,899,1706,0.367027,152,102,26,292,310,47,15,17,0,0
604,78,69,897,1707,0.365353,154,106,26,291,310,47,15,17,0,0
605,77,66,899,1708,0.366406,153,104,26,292,311,47,15,17,0,0
606,77,63,900,1708,0.367522,153,100,26,292,313,47,15,17,0,0
607,77,50,902,1708,0.368926,150,95,26,294,308,47,15,17,0,0
608,77,49,902,1708,0.369256,148,95,26,296,308,47,14,17,0,0
609,77,46,902,1708,0.370091,147,93,26,294,310,47,14,17,0,0
610,77,41,903,1708,0.369426,147,93,26,293,308,47,13,17,0,0
611,77,38,904,1708,0.369951,146,92,26,293,308,47,13,17,0,0
612,77,38,904,1708,0.371257,146,92,26,292,306,47,13,20,0,0
613,76,36,906,1709,0.370848,147,92,26,292,305,47,13,20,0,0
614,76,37,906,1709,0.369708,149,92,26,293,304,47,12,20,0,0
615,76,37,906,1709,0.37057,147,92,26,293,306,47,12,20,0,0
616,76,43,905,1709,0.370819,147,92,26,296,309,47,11,20,0,0
617,75,39,906,1710,0.371887,145,91,26,294,311,47,11,20,0,0
618,75,35,907,1710,0.371559,144,91,26,294,310,47,11,19,0,0
619,75,30,907,1710,0.370382,143,91,26,297,304,47,11,18,0,0
620,75,35,906,1710,0.370746,143,92,26,294,310,47,11,18,0,0
621,75,29,907,1710,0.370484,143,92,26,292,307,47,11,18,0,0
622,75,26,908,1710,0.370281,143,92,26,291,306,47,11,18,0,0
623,75,25,909,1710,0.370126,143,92,26,292,305,47,11,18,0,0
624,75,22,910,1710,0.36984,143,92,26,292,303,47,11,18,0,0
625,75,33,908,1710,0.368103,149,92,26,295,303,47,11,18,0,0
626,75,30,909,1710,0.368699,148,91,26,295,303,47,11,18,0,0
627,75,29,909,1710,0.368971,147,91,26,295,300,51,11,17,0,0
628,75,33,908,1710,0.370692,143,91,26,299,303,51,11,17,0,0
629,75,33,908,1710,0.369971,143,91,26,301,302,51,11,16,0,0
630,75,31,909,1710,0.370101,143,91,26,299,303,51,11,16,0,0
631,75,27,910,1710,0.371041,141,90,26,298,303,52,11,16,0,0
632,74,25,912,1711,0.371139,141,90,26,297,304,52,11,16,0,0
633,74,25,912,1711,0.37006,144,90,26,296,302,52,11,16,0,0
634,74,22,913,1711,0.369986,144,90,26,295,301,52,11,16,0,0
635,74,24,913,1711,0.370329,143,90,26,298,301,52,11,16,0,0
636,74,28,912,1711,0.370176,144,90,26,298,303,52,11,16,0,0
637,74,34,911,1711,0.368786,148,90,26,300,302,52,11,16,0,0
638,74,37,910,1711,0.370103,146,90,26,299,307,52,11,16,0,0
639,74,38,910,1711,0.370531,144,90,27,301,307,52,11,16,0,0
640,74,38,910,1711,0.37015,144,90,26,304,306,51,11,16,0,0
641,74,41,910,1711,0.369575,144,93,26,304,306,51,11,16,0,0
642,74,38,911,1711,0.36991,143,93,26,303,306,51,11,16,0,0
643,74,36,912,1711,0.370264,142,93,26,303,305,52,11,16,0,0
644,74,31,913,1711,0.369941,142,93,26,301,305,50,11,16,0,0
645,74,39,912,1711,0.369383,143,96,26,301,308,50,11,16,0,0
646,74,40,912,1711,0.36946,144,96,26,300,306,53,11,16,0,0
647,74,48,910,1711,0.369126,146,95,29,301,307,53,11,16,0,0
648,74,44,911,1711,0.368416,147,95,29,300,304,53,11,16,0,0
649,74,47,910,1711,0.369597,147,94,28,301,306,54,11,16,0,0
650,74,45,911,1711,0.369243,147,95,28,299,306,54,11,16,0,0
651,74,43,912,1711,0.369371,147,95,27,298,307,54,11,16,0,0
652,74,35,913,1711,0.36965,146,94,26,297,304,53,11,17,0,0
653,73,29,915,1712,0.369363,146,94,26,295,303,52,11,17,0,0
654,73,28,916,1712,0.369108,146,94,26,296,303,51,11,17,0,0
655,73,30,916,1712,0.368659,145,97,26,296,303,51,11,17,0,0
656,73,32,916,1712,0.368717,145,97,26,299,301,52,11,17,0,0
657,73,32,916,1712,0.368879,146,96,26,297,303,52,11,17,0,0
658,73,40,914,1712,0.368635,145,98,25,304,301,53,11,17,0,0
659,73,40,914,1712,0.369509,144,97,26,302,304,53,11,17,0,0
660,73,39,914,1712,0.368855,142,100,26,302,303,52,11,17,0,0
661,73,41,914,1712,0.369434,141,100,25,305,304,52,11,17,0,0
662,72,41,915,1713,0.368924,141,102,25,303,305,52,11,17,0,0
663,72,50,913,1713,0.369623,141,100,25,310,307,52,11,17,0,0
664,72,46,914,1713,0.369661,141,99,26,308,306,52,11,17,0,0
665,72,43,915,1713,0.369631,142,98,26,306,306,52,11,17,0,0
666,72,37,916,1713,0.370072,142,96,26,303,306,52,11,17,0,0
667,72,40,916,1713,0.370696,142,96,26,302,310,52,11,17,0,0
668,72,37,917,1713,0.371134,142,95,26,300,311,52,11,17,0,0
669,72,37,918,1713,0.370855,143,95,26,300,311,52,11,17,0,0
670,72,33,918,1713,0.37062,143,95,26,298,309,52,11,17,0,0
671,72,31,918,1713,0.370922,143,94,26,297,309,52,11,17,0,0
672,72,31,917,1713,0.370654,143,94,26,298,307,52,11,17,0,0
673,71,30,918,1714,0.370863,143,93,26,299,307,52,11,17,0,0
674,71,35,917,1714,0.370816,143,93,26,304,306,52,11,17,0,0
675,70,34,918,1715,0.371027,143,92,26,306,305,52,11,17,0,0
676,70,33,918,1715,0.372075,143,90,26,303,309,52,11,17,0,0
677,70,36,918,1715,0.372421,143,89,26,306,309,53,11,17,0,0
678,70,40,917,1715,0.372729,143,89,29,303,309,56,11,17,0,0
679,70,42,917,1715,0.371944,146,89,28,303,309,56,11,17,0,0
680,70,48,916,1715,0.370511,149,90,28,305,309,55,11,17,0,0
681,70,45,917,1715,0.37058,148,90,28,305,308,55,11,17,0,0
682,70,50,916,1715,0.371119,147,91,28,307,310,55,11,17,0,0
683,70,50,916,1715,0.371505,147,91,27,306,312,55,11,17,0,0
684,70,49,916,1715,0.371287,147,91,27,305,313,54,11,17,0,0
685,70,52,915,1715,0.372314,148,91,27,302,314,54,14,17,0,0
686,70,52,915,1715,0.371847,149,91,27,300,317,53,13,17,0,0
687,70,47,916,1715,0.37214,148,91,26,299,316,53,13,17,0,0
688,70,46,916,1715,0.371775,147,94,26,297,315,53,13,17,0,0
689,70,43,917,1715,0.371733,147,94,26,295,315,53,13,17,0,0
690,69,39,919,1716,0.371636,147,94,26,294,314,53,13,17,0,0
691,69,35,920,1716,0.370894,148,94,26,292,313,53,12,17,0,0
692,69,36,920,1716,0.371143,147,94,26,294,313,53,12,17,0,0
693,69,37,920,1716,0.371451,147,92,26,297,313,53,12,17,0,0
694,69,33,921,1716,0.371176,147,92,26,296,311,53,12,17,0,0
695,69,28,921,1716,0.371119,147,91,25,295,309,53,12,17,0,0
696,69,31,919,1716,0.370248,147,91,25,298,308,53,11,17,0,0
697,69,27,919,1716,0.371152,146,90,25,295,309,53,11,17,0,0
698,69,26,920,1716,0.371251,146,90,25,294,310,53,11,17,0,0
699,69,23,921,1716,0.371049,146,90,25,292,311,53,10,17,0,0
700,69,20,921,1716,0.371424,145,90,25,290,311,53,10,17,0,0
701,69,18,921,1716,0.371399,145,90,25,288,311,53,10,17,0,0
702,69,14,921,1716,0.371447,144,90,25,287,309,53,10,17,0,0
703,69,18,920,1716,0.371334,144,90,25,290,309,53,10,17,0,0
704,69,16,921,1716,0.371393,144,90,25,288,310,53,10,17,0,0
705,69,14,921,1716,0.371471,144,90,25,286,310,53,10,17,0,0
706,69,18,920,1716,0.371604,144,90,25,289,310,53,10,17,0,0
707,69,25,919,1716,0.371151,147,89,25,290,313,53,10,17,0,0
708,69,28,919,1716,0.371089,147,89,25,293,313,53,10,17,0,0
709,69,24,920,1716,0.371135,146,89,25,293,311,53,10,17,0,0
710,69,22,921,1716,0.371127,146,89,25,293,310,53,10,17,0,0
711,69,19,921,1716,0.371123,145,89,25,293,309,52,10,17,0,0
712,69,16,921,1716,0.3708,145,89,25,292,307,52,10,17,0,0
713,69,15,921,1716,0.370839,145,89,25,291,307,52,10,17,0,0
714,69,13,921,1716,0.371,144,89,25,291,306,52,10,17,0,0
715,69,16,920,1716,0.370735,144,89,25,294,305,52,10,17,0,0
716,68,27,919,1717,0.370526,148,89,25,294,311,52,10,17,0,0
717,68,24,920,1717,0.370846,147,89,25,293,311,52,10,17,0,0
718,68,23,921,1717,0.370978,147,89,25,292,312,52,10,17,0,0
719,68,29,920,1717,0.37145,145,92,25,292,316,52,10,17,0,0
720,67,34,920,1718,0.371902,145,91,25,296,318,52,10,17,0,0
721,67,29,921,1718,0.371847,145,91,25,293,317,52,10,17,0,0
722,67,27,922,1718,0.371705,145,91,26,291,317,52,10,17,0,0
723,67,26,922,1718,0.371208,145,91,29,288,316,52,10,17,0,0
724,67,32,921,1718,0.372823,145,90,29,288,318,55,11,17,0,0
725,67,30,921,1718,0.372512,146,89,29,287,318,54,11,17,0,0
726,67,28,921,1718,0.372469,146,89,29,286,317,54,11,17,0,0
727,67,36,919,1718,0.372199,147,91,28,288,316,57,11,17,0,0
728,67,36,919,1718,0.372598,146,91,28,288,317,57,11,17,0,0
729,67,42,918,1718,0.371169,150,91,28,290,317,56,11,17,0,0
730,67,47,917,1718,0.371538,150,91,28,291,321,55,11,17,0,0
731,67,44,918,1718,0.371771,150,91,27,289,322,55,11,17,0,0
732,67,43,918,1718,0.370941,150,94,27,287,321,54,11,17,0,0
733,67,39,919,1718,0.370873,150,93,27,287,320,53,11,17,0,0
734,67,33,920,1718,0.370408,150,93,26,287,315,54,11,17,0,0
735,67,33,920,1718,0.370298,150,93,26,289,313,54,11,17,0,0
736,67,31,921,1718,0.37043,150,93,26,288,312,55,11,17,0,0
737,67,31,922,1718,0.370481,150,93,26,289,312,55,11,17,0,0
738,67,25,923,1718,0.371337,149,91,25,287,313,55,11,17,0,0
739,66,31,922,1719,0.371022,149,94,25,287,313,57,11,17,0,0
740,66,36,921,1719,0.370261,149,97,25,288,313,57,11,17,0,0
741,66,33,922,1719,0.370223,150,96,25,286,313,57,11,17,0,0
742,66,34,922,1719,0.369841,153,95,25,284,314,57,11,17,0,0
743,65,35,923,1720,0.369732,153,94,26,287,313,57,11,17,0,0
744,65,33,924,1720,0.369857,152,94,26,288,312,57,11,17,0,0
745,65,41,922,1720,0.369807,153,95,26,287,318,56,11,17,0,0
746,65,44,921,1720,0.370021,152,95,26,291,318,55,11,17,0,0
747,64,47,921,1721,0.371519,153,92,26,290,321,58,11,17,0,0
748,64,46,921,1721,0.371005,153,92,26,293,318,57,11,17,0,0
749,64,39,922,1721,0.37105,154,90,26,289,318,56,11,17,0,0
750,64,38,923,1721,0.37145,153,90,26,289,319,56,11,17,0,0
751,64,34,924,1721,0.37168,153,89,26,288,318,55,12,17,0,0
752,64,32,925,1721,0.371446,154,88,26,288,317,55,12,17,0,0
753,64,27,925,1721,0.370811,155,87,26,287,314,54,12,17,0,0
754,64,29,925,1721,0.371241,155,87,26,286,317,54,12,17,0,0
755,64,37,923,1721,0.372357,156,86,26,286,322,54,12,18,0,0
756,64,44,922,1721,0.373393,155,86,26,286,329,54,12,18,0,0
757,64,34,923,1721,0.372839,154,86,26,284,323,54,12,18,0,0
758,64,29,924,1721,0.372728,153,86,26,284,320,54,12,18,0,0
759,64,31,924,1721,0.372826,152,86,28,285,320,54,12,18,0,0
760,64,37,923,1721,0.373532,152,86,27,289,319,57,12,18,0,0
761,64,31,924,1721,0.372969,152,86,26,288,317,56,12,18,0,0
762,64,33,924,1721,0.37274,153,86,26,288,319,55,12,18,0,0
763,64,39,923,1721,0.372223,153,86,28,293,317,55,12,18,0,0
764,64,35,924,1721,0.37203,153,86,27,292,318,53,12,18,0,0
765,64,34,924,1721,0.371482,153,86,27,293,317,52,12,18,0,0
766,64,45,922,1721,0.371825,154,86,27,295,323,52,12,18,0,0
767,64,46,922,1721,0.371812,154,86,27,295,324,52,12,18,0,0
768,63,42,924,1722,0.371728,154,86,26,295,323,52,12,18,0,0
769,63,45,924,1722,0.371964,154,87,26,295,322,55,12,18,0,0
770,63,43,924,1722,0.371654,154,87,26,296,319,55,12,18,0,0
771,63,48,923,1722,0.370717,157,87,26,299,317,55,12,18,0,0
772,63,52,922,1722,0.371651,156,87,26,300,320,55,12,18,0,0
773,63,52,922,1722,0.371645,155,87,26,302,319,55,12,18,0,0
774,63,53,922,1722,0.371279,155,87,26,305,317,55,12,18,0,0
775,63,53,922,1722,0.369614,158,87,26,305,315,54,12,18,0,0
776,62,58,921,1723,0.369635,161,87,26,304,316,52,15,18,0,0
777,62,65,920,1723,0.37028,163,87,26,305,316,52,18,18,0,0
778,62,69,919,1723,0.370799,162,87,26,309,314,54,18,18,0,0
779,62,67,919,1723,0.371377,161,86,26,308,315,54,18,18,0,0
780,61,68,919,1724,0.370168,162,86,26,311,314,54,16,18,0,0
781,61,63,920,1724,0.370805,160,86,26,309,314,54,16,18,0,0
782,61,64,920,1724,0.371121,159,86,26,312,314,53,16,18,0,0
783,61,73,918,1724,0.371469,161,86,26,312,319,53,16,18,0,0
784,61,66,919,1724,0.370599,160,86,26,311,317,53,14,18,0,0
785,61,67,919,1724,0.370606,159,87,26,313,316,53,14,18,0,0
786,61,70,918,1724,0.370119,159,87,26,315,318,53,12,18,0,0
787,61,61,919,1724,0.370158,158,87,26,309,317,53,12,18,0,0
788,61,53,920,1724,0.370037,157,87,26,305,316,52,12,18,0,0
789,61,49,921,1724,0.369671,157,87,26,305,313,52,12,18,0,0
790,61,60,919,1724,0.36923,160,87,27,307,316,52,12,18,0,0
791,61,55,920,1724,0.370011,157,87,27,307,315,52,12,18,0,0
792,61,51,921,1724,0.369993,157,87,27,304,315,52,12,18,0,0
793,61,46,922,1724,0.370489,156,87,25,302,316,52,12,18,0,0
794,61,53,920,1724,0.37063,158,87,25,301,320,52,12,18,0,0
795,61,53,920,1724,0.370833,158,87,25,300,321,52,12,18,0,0
796,61,51,921,1724,0.370348,158,88,25,299,321,51,12,18,0,0
797,61,49,921,1724,0.370616,158,88,25,296,322,51,12,18,0,0
798,61,51,920,1724,0.370891,157,88,25,296,325,51,11,18,0,0
799,61,52,920,1724,0.369994,157,91,25,295,324,51,11,18,0,0
800,61,49,920,1724,0.370804,155,89,25,297,323,51,11,18,0,0
801,61,44,921,1724,0.370987,153,89,25,298,320,51,11,18,0,0
802,60,48,921,1725,0.369943,156,89,25,300,319,51,11,18,0,0
803,60,37,922,1725,0.369927,154,88,25,298,315,50,11,18,0,0
804,60,37,922,1725,0.369458,155,88,25,299,313,50,11,18,0,0
805,60,41,921,1725,0.368193,154,94,25,297,313,50,11,18,0,0
806,60,39,921,1725,0.369136,152,93,25,297,314,50,11,18,0,0
807,60,38,922,1725,0.368792,152,94,25,297,313,50,11,18,0,0
808,60,39,922,1725,0.369865,151,93,25,296,317,50,11,18,0,0
809,60,34,923,1725,0.369807,150,93,25,296,314,50,11,18,0,0
810,60,29,924,1725,0.370019,150,91,25,296,312,50,11,18,0,0
811,60,31,924,1725,0.370257,150,91,25,296,314,50,11,18,0,0
812,60,33,924,1725,0.370422,149,91,25,299,315,49,11,18,0,0
813,60,31,925,1725,0.370463,149,91,25,298,315,49,11,18,0,0
814,60,29,926,1725,0.369925,149,92,25,298,313,49,11,18,0,0
815,60,28,927,1725,0.369666,149,92,25,298,314,49,10,18,0,0
816,60,26,928,1725,0.36923,150,92,25,297,313,49,10,18,0,0
817,60,32,927,1725,0.368945,150,94,25,300,312,49,10,19,0,0
818,60,29,928,1725,0.368447,150,95,25,299,310,49,10,19,0,0
819,60,25,929,1725,0.369157,150,93,25,297,311,49,10,19,0,0
820,60,33,927,1725,0.369483,150,93,25,303,311,49,10,19,0,0
821,60,33,927,1725,0.369285,150,92,25,306,309,49,10,19,0,0
822,60,43,925,1725,0.369716,150,93,25,308,314,49,10,19,0,0
823,60,56,922,1725,0.369514,153,93,28,311,312,49,13,19,0,0
824,60,53,922,1725,0.369369,156,92,27,306,312,50,13,19,0,0
825,60,50,922,1725,0.370196,154,92,26,306,312,50,13,19,0,0
826,60,45,922,1725,0.370005,152,91,26,308,309,50,12,19,0,0
827,60,58,919,1725,0.368201,156,95,26,308,311,50,12,19,0,0
828,60,55,919,1725,0.367702,156,95,26,308,308,50,12,19,0,0
829,60,53,919,1725,0.367837,155,94,26,310,306,50,12,19,0,0
830,60,44,920,1725,0.368841,153,93,25,305,307,50,12,19,0,0
831,60,46,919,1725,0.369366,154,92,25,303,310,50,12,19,0,0
832,60,50,918,1725,0.369606,155,92,25,303,309,53,12,19,0,0
833,60,44,920,1725,0.370073,153,92,26,301,308,53,12,19,0,0
834,60,45,920,1725,0.370094,152,92,27,303,307,53,12,19,0,0
835,59,37,922,1726,0.370936,149,92,26,301,308,52,12,19,0,0
836,58,32,924,1727,0.371248,147,92,25,302,308,52,11,19,0,0
837,58,34,924,1727,0.371307,147,92,25,305,307,52,11,19,0,0
838,58,36,924,1727,0.370577,147,95,25,305,306,52,11,19,0,0
839,58,40,923,1727,0.370938,148,94,25,305,309,52,11,19,0,0
840,58,41,923,1727,0.370827,148,94,25,306,309,52,11,19,0,0
841,57,49,922,1728,0.371425,147,94,25,312,311,52,11,19,0,0
842,56,55,921,1729,0.372395,144,94,25,317,314,52,11,19,0,0
843,55,56,923,1730,0.371199,147,94,25,317,315,52,10,19,0,0
844,55,54,924,1730,0.371832,144,94,26,318,315,52,10,19,0,0
845,55,56,924,1730,0.37207,144,93,26,320,316,52,10,19,0,0
846,55,48,925,1730,0.371805,143,93,26,317,314,51,10,19,0,0
847,55,54,924,1730,0.372213,144,93,26,316,319,51,10,19,0,0
848,55,53,925,1730,0.372118,144,93,26,316,319,51,10,19,0,0
849,55,47,926,1730,0.371924,144,93,26,313,318,50,10,19,0,0
850,55,52,925,1730,0.371776,143,96,25,313,321,50,10,19,0,0
851,55,52,924,1730,0.370016,145,99,25,311,317,50,10,19,0,0
852,55,49,924,1730,0.371055,145,96,25,308,320,50,10,19,0,0
853,53,48,926,1732,0.371284,144,96,25,310,320,50,10,19,0,0
854,53,43,927,1732,0.37078,144,97,25,307,319,49,10,19,0,0
855,53,36,928,1732,0.371099,144,95,26,304,317,49,10,19,0,0
856,53,42,927,1732,0.370755,144,95,26,311,315,49,10,19,0,0
857,53,46,926,1732,0.370165,147,95,26,309,317,49,10,19,0,0
858,53,42,927,1732,0.3701,147,95,26,307,316,49,10,19,0,0
859,53,36,928,1732,0.370089,146,95,26,305,314,49,10,19,0,0
860,53,34,928,1732,0.370877,146,93,26,303,315,50,10,19,0,0
861,53,35,928,1732,0.37016,149,93,26,300,316,50,10,19,0,0
862,53,33,929,1732,0.369789,148,94,26,300,316,50,9,19,0,0
863,53,32,930,1732,0.369764,148,94,26,300,316,50,9,19,0,0
864,53,28,931,1732,0.369533,148,94,26,299,314,50,9,19,0,0
865,53,27,932,1732,0.36953,148,94,26,299,314,50,9,19,0,0
866,52,38,931,1733,0.369089,148,97,26,302,318,50,9,19,0,0
867,52,39,931,1733,0.369226,147,97,28,302,318,50,9,19,0,0
868,52,41,931,1733,0.369918,147,97,26,302,322,50,9,19,0,0
869,52,36,932,1733,0.370839,147,94,26,300,323,50,9,19,0,0
870,52,35,932,1733,0.370399,147,94,26,302,320,50,9,19,0,0
871,52,43,930,1733,0.370853,146,96,26,302,325,50,9,19,0,0
872,52,37,931,1733,0.371457,145,94,27,300,324,50,9,19,0,0
873,52,36,931,1733,0.372057,143,94,27,301,324,50,9,19,0,0
874,52,37,931,1733,0.372381,143,94,27,300,326,50,9,19,0,0
875,52,37,930,1733,0.371397,143,97,27,300,322,50,9,19,0,0
876,52,44,929,1733,0.372187,143,97,27,300,328,50,9,19,0,0
877,52,45,929,1733,0.372365,142,98,27,300,329,50,9,19,0,0
878,52,50,928,1733,0.372791,145,98,27,299,328,50,9,22,0,0
879,52,47,929,1733,0.372502,146,97,27,299,326,50,9,22,0,0
880,52,47,929,1733,0.37231,146,96,27,302,324,50,9,22,0,0
881,52,48,929,1733,0.371615,146,96,27,305,323,50,9,21,0,0
882,52,48,929,1733,0.371564,145,96,27,308,321,50,9,21,0,0
883,52,43,930,1733,0.371547,145,96,27,305,320,50,9,21,0,0
884,52,43,930,1733,0.371191,144,96,27,308,318,51,9,20,0,0
885,52,40,931,1733,0.371256,144,96,27,306,318,51,9,20,0,0
886,52,45,930,1733,0.370477,144,99,27,307,318,51,9,20,0,0
887,52,45,930,1733,0.371238,144,98,27,305,321,51,9,20,0,0
888,52,41,931,1733,0.370898,144,97,27,305,320,51,9,19,0,0
889,52,46,930,1733,0.371153,144,96,28,308,321,51,9,19,0,0
890,52,41,931,1733,0.371413,143,95,28,308,319,51,9,19,0,0
891,52,41,931,1733,0.3708,145,94,28,309,317,51,9,19,0,0
892,52,35,931,1733,0.371231,144,94,28,305,316,51,9,19,0,0
893,52,34,932,1733,0.37123,144,94,28,305,316,51,9,19,0,0
894,52,31,933,1733,0.371171,144,94,28,304,315,51,9,19,0,0
895,52,37,932,1733,0.371362,146,93,28,304,319,51,9,19,0,0
896,52,37,932,1733,0.370266,146,96,28,303,317,51,9,19,0,0
897,52,41,931,1733,0.370787,145,96,28,305,319,51,9,19,0,0
898,52,37,931,1733,0.370147,146,97,28,302,316,51,9,19,0,0
899,52,43,930,1733,0.370691,147,97,28,302,317,54,9,19,0,0
900,52,50,929,1733,0.371839,147,96,28,302,323,55,9,19,0,0
901,52,42,930,1733,0.372714,145,95,28,298,323,55,9,19,0,0
902,52,52,928,1733,0.372783,145,98,28,297,328,56,9,19,0,0
903,52,46,929,1733,0.372951,146,95,28,296,326,56,9,19,0,0
904,52,45,929,1733,0.372258,146,94,28,299,325,55,9,18,0,0
905,52,45,929,1733,0.371671,148,94,28,298,324,55,9,18,0,0
906,52,43,930,1733,0.372209,148,93,28,298,324,54,9,19,0,0
907,52,40,931,1733,0.372699,148,92,28,298,322,54,9,20,0,0
908,52,34,932,1733,0.372848,146,92,28,299,318,54,9,20,0,0
909,52,34,932,1733,0.372789,146,92,28,299,318,54,9,20,0,0
910,52,34,932,1733,0.372679,146,92,28,299,319,53,9,20,0,0
911,52,31,933,1733,0.3727,146,92,28,298,318,53,9,20,0,0
912,52,39,932,1733,0.372664,146,92,28,305,318,53,9,20,0,0
913,52,36,932,1733,0.371191,149,91,28,306,312,53,9,20,0,0
914,52,31,933,1733,0.371106,149,90,28,305,310,53,9,20,0,0
915,51,29,934,1734,0.371145,146,93,28,305,308,54,9,20,0,0
916,51,32,934,1734,0.371464,146,93,28,306,310,54,9,20,0,0
917,51,41,932,1734,0.370248,146,98,28,310,308,54,9,20,0,0
918,50,36,934,1735,0.370427,146,96,28,311,306,54,9,20,0,0
919,49,35,934,1736,0.371662,145,93,28,311,309,54,9,20,0,0
920,49,29,935,1736,0.372012,145,90,29,310,307,54,9,20,0,0
921,49,29,935,1736,0.371961,147,88,29,310,307,54,9,20,0,0
922,49,43,932,1736,0.372262,149,88,29,313,313,54,9,20,0,0
923,49,37,933,1736,0.371706,150,88,29,309,311,54,9,20,0,0
924,49,35,934,1736,0.371919,149,88,29,309,311,54,9,20,0,0
925,49,35,934,1736,0.371542,149,88,32,307,310,54,9,20,0,0
926,49,32,935,1736,0.371523,149,88,31,307,309,54,9,20,0,0
927,49,49,931,1736,0.369585,153,91,31,315,307,54,9,20,0,0
928,49,48,931,1736,0.369563,152,91,31,316,306,54,9,20,0,0
929,48,50,931,1737,0.370461,151,90,31,318,308,54,9,20,0,0
930,48,44,932,1737,0.370799,149,90,31,316,308,53,9,20,0,0
931,48,50,931,1737,0.371038,149,90,31,318,311,53,9,20,0,0
932,48,48,932,1737,0.371256,148,90,31,319,310,53,9,20,0,0
933,47,46,933,1738,0.371421,148,89,30,320,310,53,9,20,0,0
934,47,40,934,1738,0.371426,147,89,29,319,308,53,9,20,0,0
935,47,43,934,1738,0.372053,147,89,29,318,312,53,9,20,0,0
936,46,44,934,1739,0.372068,149,88,29,316,314,53,9,20,0,0
937,46,40,934,1739,0.371982,149,87,29,314,313,53,9,20,0,0
938,46,40,934,1739,0.371597,149,88,31,312,312,53,9,20,0,0
939,46,34,935,1739,0.371364,149,88,30,310,310,53,9,20,0,0
940,46,42,933,1739,0.371826,148,88,29,317,311,53,9,20,0,0
941,46,35,934,1739,0.372072,147,87,29,316,308,53,9,20,0,0
942,46,32,935,1739,0.371982,147,87,29,315,307,53,9,20,0,0
943,46,35,934,1739,0.372488,147,88,29,313,307,56,9,20,0,0
944,46,34,934,1739,0.372307,148,88,29,310,309,55,9,20,0,0
945,46,35,934,1739,0.372644,148,88,29,309,311,55,9,20,0,0
946,46,33,935,1739,0.372459,148,88,29,309,311,54,9,20,0,0
947,46,30,936,1739,0.372242,148,88,29,308,310,54,9,20,0,0
948,46,32,936,1739,0.37188,148,88,29,312,309,53,9,20,0,0
949,46,36,936,1739,0.371946,149,88,29,312,312,53,9,20,0,0
950,46,31,937,1739,0.371355,149,88,29,312,308,53,9,20,0,0
951,46,34,937,1739,0.371242,149,88,29,315,308,53,9,20,0,0
952,46,34,937,1739,0.371382,149,87,29,318,306,53,9,20,0,0
953,46,31,938,1739,0.371144,149,87,29,317,306,52,9,20,0,0
954,46,42,936,1739,0.371592,149,87,29,323,309,52,9,20,0,0
955,45,48,935,1740,0.371522,149,87,29,327,310,52,9,20,0,0
956,45,48,936,1740,0.371665,149,87,29,327,311,52,9,20,0,0
957,45,47,937,1740,0.371673,149,87,29,327,311,52,9,20,0,0
958,45,45,937,1740,0.371413,149,87,29,327,309,52,9,20,0,0
959,45,55,935,1740,0.37167,152,87,29,329,309,52,12,20,0,0
960,45,52,936,1740,0.371639,152,87,30,326,309,52,12,20,0,0
961,45,56,935,1740,0.373028,150,87,30,328,311,52,13,20,0,0
962,44,56,935,1741,0.373246,149,87,30,330,310,52,13,20,0,0
963,43,72,931,1742,0.374525,149,87,30,334,317,52,13,21,0,0
964,43,80,930,1742,0.375575,149,88,29,332,326,52,13,21,0,0
965,43,79,931,1742,0.37579,149,88,29,331,326,53,13,21,0,0
966,43,71,933,1742,0.37521,150,88,29,326,324,53,13,21,0,0
967,43,70,934,1742,0.375253,151,88,29,323,326,53,13,21,0,0
968,42,69,935,1743,0.375342,151,88,29,323,327,53,12,21,0,0
969,42,67,935,1743,0.375222,152,89,29,318,327,54,12,21,0,0
970,42,59,937,1743,0.373628,153,89,29,318,321,54,11,21,0,0
971,41,55,939,1744,0.373123,154,89,29,316,320,54,11,21,0,0
972,41,60,937,1744,0.375483,153,89,29,314,317,60,11,24,0,0
973,41,66,936,1744,0.37402,159,89,29,311,319,60,11,24,0,0
974,41,59,938,1744,0.3737,158,90,29,310,316,58,12,24,0,0
975,41,57,938,1744,0.374082,156,90,29,310,317,57,12,24,0,0
976,40,51,940,1745,0.373924,154,90,29,310,316,57,12,23,0,0
977,40,47,940,1745,0.372681,157,90,29,307,312,57,12,23,0,0
978,40,54,939,1745,0.372999,157,90,29,307,319,57,12,22,0,0
979,40,52,939,1745,0.371563,157,91,29,309,316,56,12,21,0,0
980,40,48,940,1745,0.37131,156,92,29,308,315,55,12,21,0,0
981,40,40,941,1745,0.371399,154,92,29,306,313,54,12,21,0,0
982,40,45,940,1745,0.371756,154,92,29,308,315,54,12,21,0,0
983,40,39,941,1745,0.37085,154,93,29,307,310,54,12,21,0,0
984,40,38,941,1745,0.37255,154,93,29,304,308,54,12,25,0,0
985,40,47,938,1745,0.370796,160,93,29,303,308,56,11,25,0,0
986,40,49,938,1745,0.369995,160,93,33,302,308,56,11,24,0,0
987,40,53,938,1745,0.368889,161,93,35,306,307,55,10,24,0,0
988,40,48,939,1745,0.368976,158,94,35,306,306,55,10,23,0,0
989,40,51,938,1745,0.36792,158,97,34,307,306,55,10,22,0,0
990,40,57,938,1745,0.36655,158,101,34,311,305,54,10,22,0,0
991,40,54,939,1745,0.36725,157,100,33,311,307,53,10,22,0,0
992,40,49,940,1745,0.36699,157,100,33,309,305,53,10,22,0,0
993,40,51,940,1745,0.36801,157,99,33,308,306,56,10,22,0,0
994,39,52,941,1746,0.36938,156,99,32,308,306,59,10,23,0,0
995,39,50,942,1746,0.369311,156,99,32,308,305,59,10,23,0,0
996,39,55,941,1746,0.368924,159,99,31,309,306,59,10,23,0,0
997,39,60,940,1746,0.3694,159,99,31,309,312,57,10,23,0,0
998,39,58,940,1746,0.369196,159,97,31,312,311,56,10,22,0,0
999,39,50,941,1746,0.369104,158,97,30,309,310,55,10,22,0,0
